TimeStamp	POS_X	POS_Y	POS_Z
42613781	-35.363261	149.1652299	584.09
42813701	-35.363261	149.1652299	584.09
43013621	-35.363261	149.1652299	584.09
43213541	-35.363261	149.1652299	584.09
43413461	-35.363261	149.1652299	584.09
43613381	-35.363261	149.1652299	584.09
43813301	-35.363261	149.1652299	584.09
44013221	-35.363261	149.1652299	584.09
44213974	-35.363261	149.1652299	584.09
44413894	-35.363261	149.1652299	584.09
44613814	-35.363261	149.1652299	584.09
44813734	-35.363261	149.1652299	584.09
45013654	-35.363261	149.1652299	584.09
45213574	-35.363261	149.1652299	584.09
45413494	-35.363261	149.1652299	584.09
45613414	-35.363261	149.1652299	584.09
45813334	-35.363261	149.1652299	584.09
46013254	-35.363261	149.1652299	584.09
46213174	-35.363261	149.1652299	584.09
46413927	-35.363261	149.1652299	584.09
46613847	-35.363261	149.1652299	584.09
46813767	-35.363261	149.1652299	584.09
47013687	-35.363261	149.1652299	584.09
47213607	-35.363261	149.1652299	584.09
47413527	-35.363261	149.1652299	584.09
47613447	-35.363261	149.1652299	584.09
47813367	-35.363261	149.1652299	584.09
48013287	-35.363261	149.1652299	584.09
48213207	-35.363261	149.1652299	584.09
48413960	-35.363261	149.1652299	584.09
48613880	-35.363261	149.1652299	584.09
48813800	-35.363261	149.1652299	584.09
49013720	-35.363261	149.1652299	584.09
49213640	-35.363261	149.1652299	584.09
49413560	-35.363261	149.1652299	584.09
49613480	-35.363261	149.1652299	584.09
49813400	-35.363261	149.1652299	584.09
50013320	-35.363261	149.1652299	584.09
50213240	-35.363261	149.1652299	584.09
50413160	-35.363261	149.1652299	584.1
50613913	-35.363261	149.1652299	584.15
50813833	-35.363261	149.1652299	584.27
51013753	-35.363261	149.1652299	584.52
51213673	-35.363261	149.1652299	584.82
51413593	-35.3632609	149.1652298	585.1
51613513	-35.3632607	149.1652297	585.44
51813433	-35.3632607	149.1652296	585.78
52013353	-35.3632606	149.1652294	586.15
52213273	-35.3632605	149.1652294	586.53
52413193	-35.3632605	149.1652293	586.9
52613946	-35.3632604	149.1652292	587.26
52813866	-35.3632604	149.1652292	587.58
53013786	-35.3632604	149.1652292	587.86
53213706	-35.3632604	149.1652292	588.1
53413626	-35.3632604	149.1652293	588.29
53613546	-35.3632604	149.1652293	588.44
53813466	-35.3632605	149.1652294	588.54
54013386	-35.3632605	149.1652294	588.61
54213306	-35.3632605	149.1652296	588.67
54413226	-35.3632606	149.1652296	588.71
54613979	-35.3632606	149.1652296	588.75
54813899	-35.3632606	149.1652296	588.78
55013819	-35.3632606	149.1652296	588.79
55213739	-35.3632607	149.1652296	588.8
55413659	-35.3632607	149.1652296	588.82
55613579	-35.3632607	149.1652296	588.83
55813499	-35.3632607	149.1652296	588.83
56013419	-35.3632607	149.1652296	588.84
56213339	-35.3632606	149.1652296	588.84
56413259	-35.3632606	149.1652296	588.84
56613179	-35.3632606	149.1652296	588.84
56813932	-35.3632606	149.1652296	588.84
57013852	-35.3632606	149.1652294	588.84
57213772	-35.3632606	149.1652294	588.84
57413692	-35.3632606	149.1652294	588.84
57613612	-35.3632606	149.1652294	588.84
57813532	-35.3632606	149.1652294	588.84
58013452	-35.3632606	149.1652294	588.84
58213372	-35.3632606	149.1652294	588.84
58413292	-35.3632606	149.1652294	588.84
58613212	-35.3632606	149.1652294	588.84
58813965	-35.3632606	149.1652294	588.84
59013885	-35.3632606	149.1652296	588.84
59213805	-35.3632606	149.1652296	588.84
59413725	-35.3632606	149.1652296	588.84
59613645	-35.3632606	149.1652296	588.84
59813565	-35.3632605	149.1652296	588.84
60013485	-35.3632605	149.1652296	588.84
60213405	-35.3632605	149.1652296	588.84
60413325	-35.3632605	149.1652296	588.84
60613245	-35.3632605	149.1652296	588.84
60813165	-35.3632605	149.1652296	588.84
61013918	-35.3632605	149.1652296	588.84
61213838	-35.3632605	149.1652296	588.84
61413758	-35.3632605	149.1652296	588.84
61613678	-35.3632605	149.1652296	588.84
61813598	-35.3632605	149.1652296	588.84
62013518	-35.3632606	149.1652296	588.84
62213438	-35.3632606	149.1652296	588.84
62413358	-35.3632606	149.1652293	588.84
62613278	-35.3632606	149.1652288	588.84
62813198	-35.3632607	149.1652279	588.84
63013951	-35.3632609	149.1652267	588.84
63213871	-35.363261	149.165225	588.84
63413791	-35.363261	149.1652229	588.84
63613711	-35.3632611	149.1652205	588.84
63813631	-35.3632612	149.1652176	588.84
64013551	-35.3632615	149.1652143	588.84
64213471	-35.3632617	149.1652105	588.84
64413391	-35.3632621	149.1652064	588.84
64613311	-35.3632623	149.1652018	588.84
64813231	-35.3632626	149.1651967	588.84
65013984	-35.363263	149.1651913	588.84
65213904	-35.3632634	149.1651855	588.84
65413824	-35.3632636	149.1651791	588.84
65613744	-35.363264	149.1651724	588.85
65813664	-35.363264	149.1651655	588.85
66013584	-35.3632641	149.1651581	588.85
66213504	-35.3632642	149.1651504	588.86
66413424	-35.3632643	149.1651426	588.86
66613344	-35.3632644	149.1651345	588.86
66813264	-35.3632644	149.1651262	588.88
67013184	-35.3632646	149.1651176	588.88
67213937	-35.3632646	149.165109	588.88
67413857	-35.3632647	149.1651003	588.89
67613777	-35.3632647	149.1650913	588.89
67813697	-35.3632649	149.1650823	588.9
68013617	-35.363265	149.1650732	588.9
68213537	-35.3632652	149.165064	588.9
68413457	-35.3632653	149.1650548	588.9
68613377	-35.3632654	149.1650454	588.9
68813297	-35.3632655	149.165036	588.91
69013217	-35.3632658	149.1650266	588.91
69213970	-35.3632659	149.165017	588.92
69413890	-35.3632661	149.1650073	588.92
69613810	-35.3632664	149.1649977	588.92
69813730	-35.3632665	149.164988	588.94
70013650	-35.3632667	149.1649783	588.94
70213570	-35.363267	149.1649685	588.95
70413490	-35.3632672	149.1649586	588.95
70613410	-35.3632674	149.1649487	588.95
70813330	-35.3632677	149.1649388	588.96
71013250	-35.3632679	149.1649289	588.96
71213170	-35.3632683	149.1649189	588.96
71413923	-35.3632684	149.1649088	588.96
71613843	-35.3632688	149.1648986	588.96
71813763	-35.363269	149.1648885	588.97
72013683	-35.3632694	149.1648784	588.97
72213603	-35.3632696	149.1648682	588.97
72413523	-35.3632699	149.1648579	588.98
72613443	-35.3632702	149.1648476	588.98
72813363	-35.3632705	149.1648373	588.98
73013283	-35.3632708	149.164827	588.98
73213203	-35.3632711	149.1648166	589.0
73413956	-35.3632714	149.1648062	589.0
73613876	-35.3632717	149.1647959	589.0
73813796	-35.363272	149.1647853	589.01
74013716	-35.3632723	149.1647748	589.01
74213636	-35.3632726	149.1647643	589.01
74413556	-35.3632729	149.1647538	589.02
74613476	-35.3632732	149.1647432	589.02
74813396	-35.3632735	149.1647327	589.02
75013316	-35.3632738	149.1647221	589.03
75213236	-35.3632741	149.1647114	589.03
75413989	-35.3632744	149.1647008	589.03
75613909	-35.3632747	149.1646902	589.03
75813829	-35.363275	149.1646795	589.03
76013749	-35.3632753	149.164669	589.03
76213669	-35.3632756	149.1646582	589.04
76413589	-35.3632759	149.1646475	589.04
76613509	-35.3632762	149.1646369	589.04
76813429	-35.3632765	149.1646261	589.05
77013349	-35.3632768	149.1646154	589.05
77213269	-35.363277	149.1646046	589.05
77413189	-35.3632774	149.1645938	589.07
77613942	-35.3632776	149.164583	589.07
77813862	-35.363278	149.1645723	589.07
78013782	-35.3632782	149.1645615	589.07
78213702	-35.3632786	149.1645508	589.08
78413622	-35.3632788	149.1645399	589.08
78613542	-35.3632792	149.1645292	589.08
78813462	-35.3632793	149.1645183	589.09
79013382	-35.3632796	149.1645074	589.09
79213302	-35.3632799	149.1644967	589.09
79413222	-35.3632802	149.1644857	589.09
79613975	-35.3632805	149.1644749	589.09
79813895	-35.3632808	149.1644641	589.09
80013815	-35.3632811	149.1644532	589.09
80213735	-35.3632814	149.1644423	589.1
80413655	-35.3632817	149.1644315	589.1
80613575	-35.363282	149.1644205	589.1
80813495	-35.3632823	149.1644096	589.11
81013415	-35.3632826	149.1643988	589.11
81213335	-35.3632829	149.164388	589.11
81413255	-35.3632832	149.164377	589.13
81613175	-35.3632835	149.164366	589.13
81813928	-35.3632838	149.1643551	589.13
82013848	-35.3632841	149.1643442	589.14
82213768	-35.3632844	149.1643332	589.14
82413688	-35.3632847	149.1643224	589.14
82613608	-35.363285	149.1643114	589.15
82813528	-35.3632853	149.1643005	589.15
83013448	-35.3632856	149.1642895	589.15
83213368	-35.3632859	149.1642786	589.15
83413288	-35.3632862	149.1642678	589.15
83613208	-35.3632865	149.1642568	589.15
83813961	-35.3632868	149.1642458	589.15
84013881	-35.3632871	149.1642348	589.16
84213801	-35.3632873	149.1642238	589.16
84413721	-35.3632877	149.1642129	589.16
84613641	-35.3632879	149.1642019	589.16
84813561	-35.3632883	149.1641909	589.16
85013481	-35.3632885	149.1641799	589.17
85213401	-35.3632889	149.164169	589.17
85413321	-35.3632891	149.164158	589.17
85613241	-35.3632895	149.164147	589.19
85813161	-35.3632897	149.1641361	589.19
86013914	-35.3632901	149.1641251	589.19
86213834	-35.3632903	149.1641142	589.19
86413754	-35.3632907	149.1641031	589.2
86613674	-35.3632909	149.1640921	589.2
86813594	-35.3632911	149.1640811	589.2
87013514	-35.3632914	149.1640702	589.2
87213434	-35.3632917	149.1640592	589.2
87413354	-35.363292	149.1640482	589.21
87613274	-35.3632923	149.1640372	589.21
87813194	-35.3632926	149.1640262	589.21
88013947	-35.3632929	149.1640152	589.21
88213867	-35.3632932	149.1640042	589.21
88413787	-35.3632935	149.1639932	589.21
88613707	-35.3632938	149.1639822	589.22
88813627	-35.3632941	149.1639712	589.22
89013547	-35.3632944	149.1639603	589.22
89213467	-35.3632947	149.1639494	589.23
89413387	-35.363295	149.1639384	589.23
89613307	-35.3632953	149.1639274	589.23
89813227	-35.3632957	149.1639162	589.25
90013980	-35.3632959	149.1639052	589.25
90213900	-35.3632963	149.1638944	589.26
90413820	-35.3632965	149.1638834	589.26
90613740	-35.3632969	149.1638724	589.26
90813660	-35.3632971	149.1638614	589.26
91013580	-35.3632974	149.1638504	589.27
91213500	-35.3632976	149.1638394	589.27
91413420	-35.363298	149.1638283	589.27
91613340	-35.3632982	149.1638174	589.28
91813260	-35.3632986	149.1638064	589.28
92013180	-35.3632988	149.1637954	589.28
92213933	-35.3632992	149.1637844	589.28
92413853	-35.3632994	149.1637734	589.28
92613773	-35.3632998	149.1637624	589.29
92813693	-35.3633	149.1637513	589.29
93013613	-35.3633003	149.1637403	589.3
93213533	-35.3633006	149.1637293	589.3
93413453	-35.3633009	149.1637183	589.32
93613373	-35.3633012	149.1637073	589.32
93813293	-35.3633015	149.1636963	589.32
94013213	-35.3633018	149.1636853	589.33
94213966	-35.3633021	149.1636742	589.33
94413886	-35.3633024	149.1636632	589.33
94613806	-35.3633027	149.1636522	589.34
94813726	-35.363303	149.1636412	589.34
95013646	-35.3633033	149.1636302	589.34
95213566	-35.3633036	149.1636192	589.34
95413486	-35.3633039	149.1636082	589.34
95613406	-35.3633042	149.1635971	589.34
95813326	-35.3633045	149.1635861	589.35
96013246	-35.3633048	149.1635751	589.35
96213166	-35.3633051	149.1635641	589.36
96413919	-35.3633054	149.1635531	589.36
96613839	-35.3633057	149.1635421	589.36
96813759	-35.363306	149.1635311	589.38
97013679	-35.3633063	149.16352	589.38
97213599	-35.3633066	149.163509	589.38
97413519	-35.3633068	149.163498	589.39
97613439	-35.3633072	149.163487	589.39
97813359	-35.3633074	149.163476	589.39
98013279	-35.3633078	149.163465	589.4
98213199	-35.363308	149.163454	589.4
98413952	-35.3633084	149.163443	589.4
98613872	-35.3633086	149.163432	589.4
98813792	-35.363309	149.1634209	589.4
99013712	-35.3633092	149.1634099	589.4
99213632	-35.3633094	149.1633989	589.41
99413552	-35.3633097	149.1633879	589.41
99613472	-35.36331	149.1633769	589.41
99813392	-35.3633103	149.1633659	589.41
100013312	-35.3633106	149.1633549	589.42
100213232	-35.3633109	149.1633438	589.42
100413985	-35.3633112	149.1633328	589.42
100613905	-35.3633115	149.1633218	589.44
100813825	-35.3633118	149.1633108	589.44
101013745	-35.3633121	149.1632998	589.44
101213665	-35.3633124	149.1632888	589.44
101413585	-35.3633127	149.1632778	589.45
101613505	-35.363313	149.1632668	589.45
101813425	-35.3633133	149.1632558	589.45
102013345	-35.3633136	149.1632448	589.45
102213265	-35.3633139	149.1632338	589.45
102413185	-35.3633142	149.1632227	589.46
102613938	-35.3633145	149.1632117	589.46
102813858	-35.3633148	149.1632007	589.46
103013778	-35.3633151	149.1631897	589.46
103213698	-35.3633154	149.1631785	589.46
103413618	-35.3633157	149.1631675	589.46
103613538	-35.363316	149.1631565	589.46
103813458	-35.3633163	149.1631456	589.46
104013378	-35.3633165	149.1631346	589.46
104213298	-35.3633169	149.1631236	589.47
104413218	-35.3633171	149.1631124	589.47
104613971	-35.3633175	149.1631014	589.47
104813891	-35.3633177	149.1630904	589.48
105013811	-35.3633181	149.1630794	589.48
105213731	-35.3633182	149.1630684	589.48
105413651	-35.3633185	149.1630574	589.5
105613571	-35.3633188	149.1630463	589.5
105813491	-35.3633191	149.1630353	589.5
106013411	-35.3633194	149.1630243	589.51
106213331	-35.3633197	149.1630133	589.51
106413251	-35.36332	149.1630023	589.51
106613171	-35.3633203	149.1629912	589.52
106813924	-35.3633206	149.1629802	589.52
107013844	-35.3633208	149.1629692	589.52
107213764	-35.3633212	149.1629582	589.53
107413684	-35.3633214	149.1629472	589.53
107613604	-35.3633218	149.1629362	589.53
107813524	-35.363322	149.1629252	589.53
108013444	-35.3633224	149.1629141	589.53
108213364	-35.3633226	149.1629031	589.53
108413284	-35.363323	149.1628921	589.53
108613204	-35.3633232	149.1628811	589.53
108813957	-35.3633236	149.16287	589.54
109013877	-35.3633238	149.162859	589.54
109213797	-35.3633242	149.162848	589.54
109413717	-35.3633244	149.162837	589.55
109613637	-35.3633248	149.162826	589.55
109813557	-35.363325	149.162815	589.57
110013477	-35.3633254	149.162804	589.57
110213397	-35.3633256	149.162793	589.57
110413317	-35.363326	149.1627819	589.58
110613237	-35.3633262	149.1627709	589.58
110813990	-35.3633266	149.1627599	589.58
111013910	-35.3633268	149.1627489	589.59
111213830	-35.3633272	149.1627378	589.59
111413750	-35.3633274	149.1627268	589.59
111613670	-35.3633278	149.1627158	589.59
111813590	-35.3633279	149.1627048	589.6
112013510	-35.3633282	149.1626938	589.6
112213430	-35.3633285	149.1626828	589.6
112413350	-35.3633288	149.1626718	589.61
112613270	-35.3633291	149.1626608	589.61
112813190	-35.3633294	149.1626497	589.61
113013943	-35.3633297	149.1626387	589.63
113213863	-35.36333	149.1626277	589.63
113413783	-35.3633303	149.1626167	589.63
113613703	-35.3633305	149.1626057	589.63
113813623	-35.3633309	149.1625946	589.64
114013543	-35.3633311	149.1625836	589.64
114213463	-35.3633315	149.1625726	589.64
114413383	-35.3633317	149.1625616	589.64
114613303	-35.3633321	149.1625506	589.65
114813223	-35.3633323	149.1625396	589.65
115013976	-35.3633327	149.1625286	589.65
115213896	-35.3633329	149.1625176	589.65
115413816	-35.3633333	149.1625066	589.65
115613736	-35.3633334	149.1624955	589.65
115813656	-35.3633337	149.1624845	589.65
116013576	-35.363334	149.1624735	589.66
116213496	-35.3633343	149.1624625	589.66
116413416	-35.3633346	149.1624515	589.66
116613336	-35.3633349	149.1624405	589.67
116813256	-35.3633352	149.1624295	589.67
117013176	-35.3633355	149.1624184	589.67
117213929	-35.3633358	149.1624074	589.67
117413849	-35.3633361	149.1623964	589.69
117613769	-35.3633364	149.1623854	589.69
117813689	-35.3633367	149.1623744	589.69
118013609	-35.363337	149.1623634	589.7
118213529	-35.3633372	149.1623524	589.7
118413449	-35.3633376	149.1623414	589.71
118613369	-35.3633378	149.1623304	589.71
118813289	-35.3633382	149.1623194	589.71
119013209	-35.3633384	149.1623084	589.71
119213962	-35.3633388	149.1622973	589.71
119413882	-35.363339	149.1622863	589.71
119613802	-35.3633394	149.1622753	589.72
119813722	-35.3633396	149.1622643	589.72
120013642	-35.36334	149.1622533	589.72
120213562	-35.3633401	149.1622423	589.73
120413482	-35.3633404	149.1622311	589.73
120613402	-35.3633407	149.1622202	589.73
120813322	-35.363341	149.1622093	589.75
121013242	-35.3633413	149.1621982	589.75
121213162	-35.3633416	149.162187	589.75
121413915	-35.3633419	149.1621762	589.76
121613835	-35.3633422	149.1621652	589.76
121813755	-35.3633425	149.162154	589.76
122013675	-35.3633428	149.162143	589.77
122213595	-35.3633431	149.162132	589.77
122413515	-35.3633434	149.1621211	589.77
122613435	-35.3633437	149.1621101	589.78
122813355	-35.363344	149.1620989	589.78
123013275	-35.3633443	149.1620879	589.78
123213195	-35.3633446	149.1620769	589.78
123413948	-35.3633449	149.1620659	589.78
123613868	-35.3633452	149.1620548	589.78
123813788	-35.3633455	149.1620438	589.79
124013708	-35.3633458	149.1620328	589.79
124213628	-35.3633461	149.1620218	589.79
124413548	-35.3633464	149.1620108	589.8
124613468	-35.3633467	149.1619997	589.8
124813388	-35.3633469	149.1619888	589.82
125013308	-35.3633473	149.1619778	589.82
125213228	-35.3633475	149.1619667	589.82
125413981	-35.3633479	149.1619556	589.83
125613901	-35.3633481	149.1619447	589.83
125813821	-35.3633485	149.1619337	589.83
126013741	-35.3633487	149.1619226	589.84
126213661	-35.3633491	149.1619116	589.84
126413581	-35.3633493	149.1619007	589.84
126613501	-35.3633497	149.1618897	589.84
126813421	-35.3633499	149.1618786	589.84
127013341	-35.3633503	149.1618676	589.84
127213261	-35.3633505	149.1618566	589.84
127413181	-35.3633509	149.1618456	589.84
127613934	-35.363351	149.1618346	589.85
127813854	-35.3633513	149.1618235	589.85
128013774	-35.3633516	149.1618125	589.85
128213694	-35.3633519	149.1618016	589.86
128413614	-35.3633522	149.1617905	589.86
128613534	-35.3633525	149.1617795	589.86
128813454	-35.3633528	149.1617685	589.86
129013374	-35.3633531	149.1617575	589.88
129213294	-35.3633534	149.1617465	589.88
129413214	-35.3633537	149.1617354	589.88
129613967	-35.363354	149.1617243	589.89
129813887	-35.3633543	149.1617134	589.89
130013807	-35.3633546	149.1617023	589.89
130213727	-35.3633548	149.1616913	589.89
130413647	-35.3633552	149.1616803	589.9
130613567	-35.3633554	149.1616693	589.9
130813487	-35.3633558	149.1616583	589.9
131013407	-35.363356	149.1616472	589.9
131213327	-35.3633564	149.1616362	589.9
131413247	-35.3633566	149.1616252	589.91
131613167	-35.3633568	149.1616142	589.91
131813920	-35.3633571	149.1616032	589.92
132013840	-35.3633574	149.1615922	589.92
132213760	-35.3633577	149.1615812	589.92
132413680	-35.363358	149.1615701	589.92
132613600	-35.3633583	149.1615591	589.94
132813520	-35.3633585	149.1615481	589.94
133013440	-35.3633589	149.1615371	589.94
133213360	-35.3633591	149.1615261	589.95
133413280	-35.3633595	149.1615151	589.95
133613200	-35.3633597	149.1615041	589.95
133813953	-35.3633601	149.1614931	589.96
134013873	-35.3633603	149.1614821	589.96
134213793	-35.3633607	149.161471	589.96
134413713	-35.3633609	149.16146	589.96
134613633	-35.3633611	149.161449	589.96
134813553	-35.3633614	149.161438	589.96
135013473	-35.3633617	149.161427	589.97
135213393	-35.363362	149.161416	589.97
135413313	-35.3633623	149.161405	589.97
135613233	-35.3633626	149.161394	589.98
135813986	-35.3633629	149.161383	589.98
136013906	-35.3633632	149.1613719	589.98
136213826	-35.3633635	149.1613609	590.0
136413746	-35.3633638	149.1613499	590.0
136613666	-35.363364	149.1613389	590.0
136813586	-35.3633644	149.1613279	590.01
137013506	-35.3633646	149.1613169	590.01
137213426	-35.363365	149.1613059	590.01
137413346	-35.3633652	149.1612949	590.01
137613266	-35.3633656	149.1612838	590.02
137813186	-35.3633657	149.1612728	590.02
138013939	-35.3633661	149.1612618	590.02
138213859	-35.3633663	149.1612508	590.03
138413779	-35.3633667	149.1612396	590.03
138613699	-35.3633669	149.1612286	590.03
138813619	-35.3633673	149.1612176	590.03
139013539	-35.3633675	149.1612066	590.03
139213459	-35.3633679	149.1611956	590.03
139413379	-35.3633681	149.1611847	590.03
139613299	-35.3633684	149.1611737	590.04
139813219	-35.3633687	149.1611625	590.04
140013972	-35.3633689	149.1611515	590.04
140213892	-35.3633692	149.1611405	590.04
140413812	-35.3633695	149.1611295	590.05
140613732	-35.3633698	149.1611185	590.05
140813652	-35.3633701	149.1611075	590.05
141013572	-35.3633704	149.1610986	590.07
141213492	-35.3633704	149.1611006	590.07
141413412	-35.3633704	149.161102	590.08
141613332	-35.3633704	149.1611015	590.08
141813252	-35.3633704	149.1611015	590.08
142013172	-35.3633704	149.1611015	590.08
142213925	-35.3633704	149.1611015	590.08
142413845	-35.3633704	149.1611015	590.08
142613765	-35.3633704	149.1611015	590.08
142813685	-35.3633704	149.1611015	590.08
143013605	-35.3633704	149.1611015	590.09
143213525	-35.3633704	149.1611015	590.09
143413445	-35.3633704	149.1611015	590.09
143613365	-35.3633704	149.1611015	590.09
143813285	-35.3633704	149.1611015	590.09
144013205	-35.3633704	149.1611015	590.09
144213958	-35.3633704	149.1611015	590.09
144413878	-35.3633704	149.1611015	590.09
144613798	-35.3633704	149.1611015	590.09
144813718	-35.3633704	149.1611015	590.09
145013638	-35.3633704	149.1611015	590.09
145213558	-35.3633704	149.1611015	590.09
145413478	-35.3633704	149.1611015	590.09
145613398	-35.3633704	149.1611015	590.09
145813318	-35.3633704	149.1611015	590.09
146013238	-35.3633704	149.1611015	590.09
146213991	-35.3633704	149.1611015	590.09
146413911	-35.3633704	149.1611015	590.09
146613831	-35.3633704	149.1611015	590.09
146813751	-35.3633704	149.1611015	590.09
147013671	-35.3633704	149.1611015	590.09
147213591	-35.3633704	149.1611015	590.09
147413511	-35.3633704	149.1611015	590.09
147613431	-35.3633704	149.1611015	590.09
147813351	-35.3633704	149.1611015	590.09
148013271	-35.3633704	149.1611015	590.09
148213191	-35.3633704	149.1611015	590.09
148413944	-35.3633704	149.1611015	590.09
148613864	-35.3633704	149.1611015	590.09
148813784	-35.3633704	149.1611015	590.09
149013704	-35.3633704	149.1611015	590.09
149213624	-35.3633704	149.1611015	590.09
149413544	-35.3633704	149.1611015	590.09
149613464	-35.3633704	149.1611015	590.09
149813384	-35.3633704	149.1611015	590.09
150013304	-35.3633704	149.1611015	590.09
150213224	-35.3633704	149.1611015	590.09
150413977	-35.3633704	149.1611015	590.09
150613897	-35.3633704	149.1611015	590.09
150813817	-35.3633704	149.1611015	590.09
151013737	-35.3633704	149.1611015	590.09
151213657	-35.3633704	149.1611015	590.09
151413577	-35.3633704	149.1611015	590.09
151613497	-35.3633704	149.1611015	590.09
151813417	-35.3633704	149.1611015	590.09
152013337	-35.3633704	149.1611015	590.09
152213257	-35.3633704	149.1611015	590.09
152413177	-35.3633704	149.1611015	590.09
152613930	-35.3633704	149.1611015	590.09
152813850	-35.3633704	149.1611015	590.09
153013770	-35.3633704	149.1611015	590.09
153213690	-35.3633704	149.1611015	590.09
153413610	-35.3633704	149.1611015	590.09
153613530	-35.3633704	149.1611015	590.09
153813450	-35.3633704	149.1611015	590.09
154013370	-35.3633704	149.1611015	590.09
154213290	-35.3633704	149.1611015	590.09
154413210	-35.3633704	149.1611015	590.09
154613963	-35.3633704	149.1611015	590.09
154813883	-35.3633704	149.1611015	590.09
155013803	-35.3633704	149.1611015	590.09
155213723	-35.3633704	149.1611015	590.09
155413643	-35.3633704	149.1611015	590.09
155613563	-35.3633704	149.1611015	590.09
155813483	-35.3633704	149.1611015	590.09
156013403	-35.3633704	149.1611015	590.09
156213323	-35.3633704	149.1611015	590.09
156413243	-35.3633704	149.1611015	590.09
156613163	-35.3633704	149.1611015	590.09
156813916	-35.3633704	149.1611015	590.09
157013836	-35.3633704	149.1611015	590.09
157213756	-35.3633704	149.1611015	590.09
157413676	-35.3633704	149.1611015	590.09
157613596	-35.3633704	149.1611015	590.09
157813516	-35.3633704	149.1611015	590.09
158013436	-35.3633704	149.1611015	590.09
158213356	-35.3633704	149.1611015	590.09
158413276	-35.3633704	149.1611015	590.09
158613196	-35.3633704	149.1611015	590.09
158813949	-35.3633704	149.1611015	590.09
159013869	-35.3633704	149.1611015	590.09
159213789	-35.3633704	149.1611015	590.09
159413709	-35.3633704	149.1611015	590.09
159613629	-35.3633704	149.1611015	590.09
159813549	-35.3633704	149.1611015	590.09
160013469	-35.3633704	149.1611015	590.09
160213389	-35.3633704	149.1611015	590.09
160413309	-35.3633704	149.1611015	590.09
160613229	-35.3633704	149.1611015	590.09
160813982	-35.3633704	149.1611015	590.09
161013902	-35.3633704	149.1611015	590.09
161213822	-35.3633704	149.1611015	590.09
161413742	-35.3633704	149.1611015	590.09
161613662	-35.3633704	149.1611015	590.09
161813582	-35.3633704	149.1611015	590.09
162013502	-35.3633704	149.1611015	590.09
162213422	-35.3633704	149.1611015	590.09
162413342	-35.3633704	149.1611015	590.09
162613262	-35.3633704	149.1611015	590.09
162813182	-35.3633704	149.1611015	590.09
163013935	-35.3633704	149.1611015	590.09
163213855	-35.3633704	149.1611015	590.09
163413775	-35.3633704	149.1611015	590.09
163613695	-35.3633704	149.1611015	590.09
163813615	-35.3633704	149.1611015	590.09
164013535	-35.3633704	149.1611015	590.09
164213455	-35.3633704	149.1611015	590.09
164413375	-35.3633704	149.1611015	590.09
164613295	-35.3633704	149.1611015	590.09
164813215	-35.3633704	149.1611015	590.09
165013968	-35.3633704	149.1611015	590.09
165213888	-35.3633704	149.1611015	590.09
165413808	-35.3633704	149.1611015	590.09
165613728	-35.3633704	149.1611015	590.09
165813648	-35.3633704	149.1611015	590.09
166013568	-35.3633704	149.1611015	590.09
166213488	-35.3633704	149.1611015	590.09
166413408	-35.3633704	149.1611015	590.09
166613328	-35.3633704	149.1611015	590.09
166813248	-35.3633704	149.1611015	590.09
167013168	-35.3633704	149.1611015	590.09
167213921	-35.3633704	149.1611015	590.09
167413841	-35.3633704	149.1611015	590.09
167613761	-35.3633704	149.1611015	590.09
167813681	-35.3633704	149.1611015	590.09
168013601	-35.3633704	149.1611015	590.09
168213521	-35.3633704	149.1611015	590.09
168413441	-35.3633704	149.1611015	590.09
168613361	-35.3633704	149.1611015	590.09
168813281	-35.3633704	149.1611015	590.09
169013201	-35.3633704	149.1611015	590.09
169213954	-35.3633704	149.1611015	590.09
169413874	-35.3633704	149.1611015	590.09
169613794	-35.3633704	149.1611015	590.09
169813714	-35.3633704	149.1611015	590.09
170013634	-35.3633704	149.1611015	590.09
170213554	-35.3633704	149.1611015	590.09
170413474	-35.3633704	149.1611015	590.09
170613394	-35.3633704	149.1611015	590.09
170813314	-35.3633704	149.1611015	590.09
171013234	-35.3633704	149.1611015	590.09
171213987	-35.3633704	149.1611015	590.09
171413907	-35.3633704	149.1611015	590.09
171613827	-35.3633704	149.1611015	590.09
171813747	-35.3633704	149.1611015	590.09
172013667	-35.3633704	149.1611015	590.09
172213587	-35.3633704	149.1611015	590.09
172413507	-35.3633704	149.1611015	590.09
172613427	-35.3633704	149.1611015	590.09
172813347	-35.3633704	149.1611015	590.09
173013267	-35.3633704	149.1611015	590.09
173213187	-35.3633704	149.1611015	590.09
173413940	-35.3633704	149.1611015	590.09
173613860	-35.3633704	149.1611015	590.09
173813780	-35.3633704	149.1611015	590.09
174013700	-35.3633704	149.1611015	590.09
174213620	-35.3633704	149.1611015	590.09
174413540	-35.3633704	149.1611015	590.09
174613460	-35.3633704	149.1611015	590.09
174813380	-35.3633704	149.1611015	590.09
175013300	-35.3633704	149.1611015	590.09
175213220	-35.3633704	149.1611015	590.09
175413973	-35.3633704	149.1611015	590.09
175613893	-35.3633704	149.1611015	590.09
175813813	-35.3633704	149.1611015	590.09
176013733	-35.3633704	149.1611015	590.09
176213653	-35.3633704	149.1611015	590.09
176413573	-35.3633704	149.1611015	590.09
176613493	-35.3633704	149.1611015	590.09
176813413	-35.3633704	149.1611015	590.09
177013333	-35.3633704	149.1611015	590.09
177213253	-35.3633704	149.1611015	590.09
177413173	-35.3633704	149.1611015	590.09
177613926	-35.3633704	149.1611015	590.09
177813846	-35.3633704	149.1611015	590.09
178013766	-35.3633704	149.1611015	590.09
178213686	-35.3633704	149.1611015	590.09
178413606	-35.3633704	149.1611015	590.09
178613526	-35.3633704	149.1611015	590.09
178813446	-35.3633704	149.1611015	590.09
179013366	-35.3633704	149.1611015	590.09
179213286	-35.3633704	149.1611015	590.09
179413206	-35.3633704	149.1611015	590.09
179613959	-35.3633704	149.1611015	590.09
179813879	-35.3633704	149.1611015	590.09
180013799	-35.3633704	149.1611015	590.09
180213719	-35.3633704	149.1611015	590.09
180413639	-35.3633704	149.1611015	590.09
180613559	-35.3633704	149.1611015	590.09
180813479	-35.3633704	149.1611015	590.09
181013399	-35.3633704	149.1611015	590.09
181213319	-35.3633704	149.1611015	590.09
181413239	-35.3633704	149.1611015	590.09
181613992	-35.3633704	149.1611015	590.09
181813912	-35.3633704	149.1611015	590.09
182013832	-35.3633704	149.1611015	590.09
182213752	-35.3633704	149.1611015	590.09
182413672	-35.3633704	149.1611015	590.09
182613592	-35.3633704	149.1611015	590.09
182813512	-35.3633704	149.1611015	590.09
183013432	-35.3633704	149.1611015	590.09
183213352	-35.3633704	149.1611015	590.09
183413272	-35.3633704	149.1611015	590.09
183613192	-35.3633704	149.1611015	590.09
183813945	-35.3633704	149.1611015	590.09
184013865	-35.3633704	149.1611015	590.09
184213785	-35.3633704	149.1611015	590.09
184413705	-35.3633704	149.1611015	590.09
184613625	-35.3633704	149.1611015	590.09
184813545	-35.3633704	149.1611015	590.09
185013465	-35.3633704	149.1611015	590.09
185213385	-35.3633704	149.1611015	590.09
185413305	-35.3633704	149.1611015	590.09
185613225	-35.3633704	149.1611015	590.09
185813978	-35.3633704	149.1611015	590.09
186013898	-35.3633704	149.1611015	590.09
186213818	-35.3633704	149.1611015	590.09
186413738	-35.3633704	149.1611015	590.09
186613658	-35.3633704	149.1611015	590.09
186813578	-35.3633704	149.1611015	590.09
187013498	-35.3633704	149.1611015	590.09
187213418	-35.3633704	149.1611015	590.09
187413338	-35.3633704	149.1611015	590.09
187613258	-35.3633704	149.1611015	590.09
187813178	-35.3633704	149.1611015	590.09
188013931	-35.3633704	149.1611015	590.09
188213851	-35.3633704	149.1611015	590.09
188413771	-35.3633704	149.1611015	590.09
188613691	-35.3633704	149.1611015	590.09
188813611	-35.3633704	149.1611015	590.09
189013531	-35.3633704	149.1611015	590.09
189213451	-35.3633704	149.1611015	590.09
189413371	-35.3633704	149.1611015	590.09
189613291	-35.3633704	149.1611015	590.09
189813211	-35.3633704	149.1611015	590.09
190013964	-35.3633704	149.1611015	590.09
190213884	-35.3633704	149.1611015	590.09
190413804	-35.3633704	149.1611015	590.09
190613724	-35.3633704	149.1611015	590.09
190813644	-35.3633704	149.1611015	590.09
191013564	-35.3633704	149.1611015	590.09
191213484	-35.3633704	149.1611015	590.09
191413404	-35.3633704	149.1611015	590.09
191613324	-35.3633704	149.1611015	590.09
191813244	-35.3633704	149.1611015	590.09
192013164	-35.3633704	149.1611015	590.09
192213917	-35.3633704	149.1611015	590.09
192413837	-35.3633704	149.1611015	590.09
192613757	-35.3633704	149.1611015	590.09
192813677	-35.3633704	149.1611015	590.09
193013597	-35.3633704	149.1611015	590.09
193213517	-35.3633704	149.1611015	590.09
193413437	-35.3633704	149.1611015	590.09
193613357	-35.3633704	149.1611015	590.09
193813277	-35.3633704	149.1611015	590.09
194013197	-35.3633704	149.1611015	590.09
194213950	-35.3633704	149.1611015	590.09
194413870	-35.3633704	149.1611015	590.09
194613790	-35.3633704	149.1611015	590.09
194813710	-35.3633704	149.1611015	590.09
195013630	-35.3633704	149.1611015	590.09
195213550	-35.3633704	149.1611015	590.09
195413470	-35.3633704	149.1611015	590.09
195613390	-35.3633704	149.1611015	590.09
195813310	-35.3633704	149.1611015	590.09
196013230	-35.3633704	149.1611015	590.09
196213983	-35.3633704	149.1611015	590.09
196413903	-35.3633704	149.1611015	590.09
196613823	-35.3633704	149.1611015	590.09
196813743	-35.3633704	149.1611015	590.09
197013663	-35.3633704	149.1611015	590.09
197213583	-35.3633704	149.1611015	590.09
197413503	-35.3633704	149.1611015	590.09
197613423	-35.3633704	149.1611015	590.09
197813343	-35.3633704	149.1611015	590.09
198013263	-35.3633704	149.1611015	590.09
198213183	-35.3633704	149.1611015	590.09
198413936	-35.3633704	149.1611015	590.09
198613856	-35.3633704	149.1611015	590.09
198813776	-35.3633704	149.1611015	590.09
199013696	-35.3633704	149.1611015	590.09
199213616	-35.3633704	149.1611015	590.09
199413536	-35.3633704	149.1611015	590.09
199613456	-35.3633704	149.1611015	590.09
199813376	-35.3633704	149.1611015	590.09
200013296	-35.3633704	149.1611015	590.11
200213216	-35.3633704	149.1611015	590.13
200413969	-35.3633704	149.1611015	590.15
200613889	-35.3633704	149.1611015	590.16
200813809	-35.3633704	149.1611015	590.19
201013729	-35.3633707	149.161101	590.26
201213649	-35.363373	149.1610986	590.32
201413569	-35.3633791	149.161093	590.3
201613489	-35.3633869	149.1610856	590.32
201813409	-35.3633942	149.161078	590.3
202013329	-35.3634008	149.1610709	590.28
202213249	-35.363406	149.1610642	590.27
202413169	-35.3634063	149.1610641	590.27
202613922	-35.3634052	149.1610653	590.28
202813842	-35.3634053	149.1610652	590.28
203013762	-35.3634054	149.1610651	590.28
203213682	-35.3634054	149.1610651	590.28
203413602	-35.3634053	149.1610651	590.28
203613522	-35.3634053	149.1610651	590.28
203813442	-35.3634053	149.1610651	590.29
204013362	-35.3634053	149.1610651	590.29
204213282	-35.3634053	149.1610651	590.3
204413202	-35.3634053	149.1610651	590.3
204613955	-35.3634053	149.1610651	590.32
204813875	-35.3634053	149.1610651	590.33
205013795	-35.3634053	149.1610651	590.33
205213715	-35.3634053	149.1610651	590.34
205413635	-35.3634053	149.1610651	590.34
205613555	-35.3634053	149.1610651	590.34
205813475	-35.3634053	149.1610651	590.35
206013395	-35.3634053	149.1610651	590.35
206213315	-35.3634053	149.1610651	590.36
206413235	-35.3634053	149.1610651	590.36
206613988	-35.3634053	149.1610651	590.38
206813908	-35.3634053	149.1610651	590.38
207013828	-35.3634053	149.1610651	590.39
207213748	-35.3634053	149.1610651	590.39
207413668	-35.3634052	149.1610652	590.42
207613588	-35.3634041	149.1610657	590.51
207813508	-35.3634015	149.1610668	590.51
208013428	-35.3633983	149.1610686	590.47
208213348	-35.3633961	149.161071	590.45
208413268	-35.3633954	149.1610746	590.42
208613188	-35.3633954	149.1610794	590.4
208813941	-35.363396	149.1610856	590.4
209013861	-35.3633973	149.1610928	590.4
209213781	-35.3633993	149.161101	590.4
209413701	-35.3634018	149.1611097	590.4
209613621	-35.3634046	149.161119	590.41
209813541	-35.3634075	149.1611288	590.42
210013461	-35.3634105	149.1611385	590.44
210213381	-35.3634133	149.1611485	590.45
210413301	-35.3634162	149.1611585	590.46
210613221	-35.3634191	149.1611685	590.48
210813974	-35.3634217	149.1611785	590.51
211013894	-35.3634243	149.1611882	590.53
211213814	-35.3634269	149.1611978	590.54
211413734	-35.3634294	149.1612073	590.57
211613654	-35.3634316	149.1612165	590.59
211813574	-35.3634338	149.1612255	590.61
212013494	-35.363436	149.1612343	590.64
212213414	-35.363438	149.1612427	590.65
212413334	-35.3634399	149.1612509	590.67
212613254	-35.3634417	149.1612587	590.7
212813174	-35.3634435	149.1612662	590.71
213013927	-35.3634452	149.1612731	590.72
213213847	-35.3634467	149.1612796	590.73
213413767	-35.3634483	149.1612855	590.75
213613687	-35.3634495	149.161291	590.76
213813607	-35.3634507	149.1612955	590.77
214013527	-35.3634517	149.1612993	590.77
214213447	-35.3634526	149.1613023	590.77
214413367	-35.3634532	149.1613044	590.78
214613287	-35.3634537	149.1613057	590.78
214813207	-35.3634539	149.1613064	590.78
215013960	-35.3634541	149.1613066	590.78
215213880	-35.3634541	149.1613064	590.78
215413800	-35.363454	149.1613059	590.78
215613720	-35.3634539	149.1613051	590.78
215813640	-35.3634537	149.1613044	590.78
216013560	-35.3634534	149.1613035	590.78
216213480	-35.3634532	149.1613027	590.78
216413400	-35.3634529	149.1613021	590.78
216613320	-35.3634527	149.1613016	590.78
216813240	-35.3634525	149.1613012	590.78
217013160	-35.3634523	149.1613011	590.78
217213913	-35.3634522	149.1613011	590.78
217413833	-35.363452	149.1613011	590.78
217613753	-35.363452	149.1613013	590.78
217813673	-35.3634519	149.1613016	590.78
218013593	-35.3634519	149.161302	590.78
218213513	-35.3634519	149.1613022	590.78
218413433	-35.3634519	149.1613026	590.77
218613353	-35.363452	149.161303	590.77
218813273	-35.363452	149.1613033	590.77
219013193	-35.3634521	149.1613037	590.77
219213946	-35.3634522	149.161304	590.77
219413866	-35.3634523	149.1613041	590.77
219613786	-35.3634525	149.1613044	590.77
219813706	-35.3634525	149.1613044	590.77
220013626	-35.3634525	149.1613044	590.77
220213546	-35.3634526	149.1613044	590.77
220413466	-35.3634527	149.1613044	590.77
220613386	-35.3634527	149.1613044	590.77
220813306	-35.3634527	149.1613044	590.77
221013226	-35.3634528	149.1613044	590.77
221213979	-35.3634528	149.1613042	590.77
221413899	-35.3634528	149.1613042	590.77
221613819	-35.3634528	149.1613041	590.77
221813739	-35.3634528	149.161304	590.77
222013659	-35.3634528	149.161304	590.77
222213579	-35.3634528	149.1613039	590.77
222413499	-35.3634528	149.1613039	590.77
222613419	-35.3634528	149.1613039	590.77
222813339	-35.3634528	149.1613039	590.77
223013259	-35.3634527	149.1613039	590.77
223213179	-35.3634527	149.1613039	590.77
223413932	-35.3634527	149.1613039	590.77
223613852	-35.3634527	149.1613039	590.77
223813772	-35.3634527	149.1613039	590.77
224013692	-35.3634527	149.1613039	590.77
224213612	-35.3634527	149.1613039	590.77
224413532	-35.3634527	149.1613039	590.77
224613452	-35.3634527	149.1613039	590.77
224813372	-35.3634527	149.1613039	590.77
225013292	-35.3634527	149.1613039	590.77
225213212	-35.3634527	149.1613039	590.77
225413965	-35.3634527	149.1613039	590.76
225613885	-35.3634527	149.1613039	590.76
225813805	-35.3634527	149.1613039	590.76
226013725	-35.3634528	149.1613039	590.76
226213645	-35.3634528	149.1613039	590.76
226413565	-35.3634528	149.1613039	590.76
226613485	-35.3634528	149.1613039	590.76
226813405	-35.3634528	149.1613039	590.76
227013325	-35.3634528	149.1613039	590.76
227213245	-35.3634528	149.1613039	590.76
227413165	-35.3634529	149.1613039	590.76
227613918	-35.3634529	149.1613039	590.76
227813838	-35.3634529	149.1613039	590.76
228013758	-35.3634529	149.1613039	590.76
228213678	-35.3634529	149.1613039	590.76
228413598	-35.3634529	149.1613039	590.76
228613518	-35.3634529	149.1613039	590.76
228813438	-35.3634529	149.1613039	590.76
229013358	-35.3634529	149.1613039	590.76
229213278	-35.3634529	149.1613039	590.76
229413198	-35.3634528	149.1613039	590.76
229613951	-35.3634528	149.161304	590.76
229813871	-35.3634528	149.1613041	590.76
230013791	-35.3634528	149.1613045	590.76
230213711	-35.3634527	149.1613054	590.75
230413631	-35.3634526	149.1613064	590.75
230613551	-35.3634525	149.1613079	590.75
230813471	-35.3634523	149.1613098	590.75
231013391	-35.3634522	149.1613121	590.75
231213311	-35.363452	149.1613148	590.75
231413231	-35.3634519	149.1613179	590.73
231613984	-35.3634515	149.1613213	590.73
231813904	-35.3634513	149.1613251	590.73
232013824	-35.363451	149.1613293	590.73
232213744	-35.3634507	149.1613339	590.73
232413664	-35.3634504	149.161339	590.72
232613584	-35.3634501	149.1613444	590.72
232813504	-35.3634498	149.1613504	590.72
233013424	-35.3634495	149.1613566	590.72
233213344	-35.3634492	149.1613631	590.72
233413264	-35.3634489	149.1613701	590.72
233613184	-35.3634486	149.1613774	590.71
233813937	-35.3634483	149.161385	590.71
234013857	-35.3634479	149.1613928	590.71
234213777	-35.3634476	149.1614009	590.71
234413697	-35.3634472	149.1614091	590.71
234613617	-35.3634468	149.1614175	590.71
234813537	-35.3634465	149.1614261	590.71
235013457	-35.3634461	149.1614348	590.71
235213377	-35.3634458	149.1614437	590.71
235413297	-35.3634455	149.1614526	590.71
235613217	-35.3634452	149.1614617	590.71
235813970	-35.3634447	149.1614708	590.71
236013890	-35.3634444	149.1614801	590.71
236213810	-35.363444	149.1614894	590.71
236413730	-35.3634437	149.1614988	590.72
236613650	-35.3634434	149.1615084	590.72
236813570	-35.3634429	149.1615179	590.72
237013490	-35.3634425	149.1615275	590.72
237213410	-35.3634422	149.1615371	590.72
237413330	-35.3634418	149.1615467	590.72
237613250	-35.3634413	149.1615565	590.73
237813170	-35.363441	149.1615664	590.73
238013923	-35.3634405	149.1615763	590.73
238213843	-35.3634401	149.1615862	590.73
238413763	-35.3634398	149.1615961	590.73
238613683	-35.3634392	149.1616061	590.73
238813603	-35.3634388	149.1616162	590.75
239013523	-35.3634383	149.1616263	590.75
239213443	-35.3634379	149.1616364	590.75
239413363	-35.3634374	149.1616467	590.75
239613283	-35.363437	149.1616568	590.75
239813203	-35.3634366	149.161667	590.75
240013956	-35.3634361	149.1616774	590.75
240213876	-35.3634356	149.1616876	590.75
240413796	-35.3634351	149.161698	590.76
240613716	-35.3634348	149.1617083	590.76
240813636	-35.3634343	149.1617187	590.76
241013556	-35.3634337	149.1617291	590.76
241213476	-35.3634333	149.1617396	590.76
241413396	-35.3634328	149.1617501	590.76
241613316	-35.3634324	149.1617605	590.76
241813236	-35.3634319	149.1617712	590.76
242013989	-35.3634314	149.1617817	590.76
242213909	-35.3634309	149.1617923	590.76
242413829	-35.3634306	149.1618028	590.76
242613749	-35.36343	149.1618134	590.76
242813669	-35.3634295	149.161824	590.76
243013589	-35.363429	149.1618346	590.76
243213509	-35.3634287	149.1618454	590.76
243413429	-35.3634282	149.161856	590.76
243613349	-35.3634276	149.1618666	590.76
243813269	-35.3634271	149.1618775	590.76
244013189	-35.3634267	149.1618881	590.76
244213942	-35.3634263	149.161899	590.76
244413862	-35.3634258	149.1619096	590.76
244613782	-35.3634252	149.1619203	590.76
244813702	-35.3634248	149.1619311	590.76
245013622	-35.3634243	149.1619419	590.76
245213542	-35.3634239	149.1619527	590.76
245413462	-35.3634233	149.1619637	590.76
245613382	-35.3634229	149.1619744	590.76
245813302	-35.3634224	149.1619852	590.76
246013222	-35.3634219	149.161996	590.76
246213975	-35.3634215	149.1620068	590.76
246413895	-35.363421	149.1620178	590.76
246613815	-35.3634205	149.1620285	590.76
246813735	-35.3634202	149.1620394	590.76
247013655	-35.3634197	149.1620503	590.76
247213575	-35.3634191	149.1620613	590.76
247413495	-35.3634186	149.1620721	590.76
247613415	-35.3634182	149.162083	590.76
247813335	-35.3634178	149.1620939	590.76
248013255	-35.3634173	149.1621049	590.76
248213175	-35.3634167	149.1621157	590.76
248413928	-35.3634163	149.1621266	590.76
248613848	-35.3634158	149.1621375	590.76
248813768	-35.3634154	149.1621485	590.75
249013688	-35.3634148	149.1621594	590.75
249213608	-35.3634144	149.1621701	590.75
249413528	-35.3634139	149.162181	590.75
249613448	-35.3634135	149.162192	590.75
249813368	-35.363413	149.1622028	590.75
250013288	-35.3634125	149.1622137	590.75
250213208	-35.363412	149.1622248	590.75
250413961	-35.3634115	149.1622357	590.75
250613881	-35.3634111	149.1622467	590.75
250813801	-35.3634106	149.1622577	590.75
251013721	-35.3634101	149.1622687	590.75
251213641	-35.3634096	149.1622796	590.75
251413561	-35.3634093	149.1622906	590.75
251613481	-35.3634087	149.1623017	590.75
251813401	-35.3634082	149.1623126	590.75
252013321	-35.3634078	149.1623235	590.75
252213241	-35.3634073	149.1623345	590.75
252413161	-35.3634069	149.1623455	590.75
252613914	-35.3634063	149.1623565	590.75
252813834	-35.3634059	149.1623675	590.75
253013754	-35.3634054	149.1623784	590.75
253213674	-35.363405	149.1623894	590.75
253413594	-35.3634045	149.1624004	590.75
253613514	-35.363404	149.1624113	590.75
253813434	-35.3634035	149.1624223	590.75
254013354	-35.363403	149.1624333	590.75
254213274	-35.3634027	149.1624443	590.75
254413194	-35.3634021	149.1624553	590.75
254613947	-35.3634016	149.1624663	590.75
254813867	-35.3634011	149.1624773	590.75
255013787	-35.3634006	149.1624883	590.75
255213707	-35.3634002	149.1624993	590.75
255413627	-35.3633997	149.1625102	590.75
255613547	-35.3633992	149.1625212	590.75
255813467	-35.3633987	149.1625322	590.75
256013387	-35.3633984	149.1625432	590.75
256213307	-35.3633978	149.1625542	590.75
256413227	-35.3633973	149.1625652	590.75
256613980	-35.3633968	149.1625762	590.75
256813900	-35.3633965	149.1625872	590.75
257013820	-35.363396	149.1625984	590.75
257213740	-35.3633954	149.1626093	590.75
257413660	-35.363395	149.1626203	590.75
257613580	-35.3633945	149.1626313	590.75
257813500	-35.3633941	149.1626423	590.75
258013420	-35.3633936	149.1626533	590.75
258213340	-35.3633931	149.1626643	590.75
258413260	-35.3633926	149.1626753	590.75
258613180	-35.3633921	149.1626865	590.75
258813933	-35.3633917	149.1626975	590.75
259013853	-35.3633912	149.1627084	590.75
259213773	-35.3633907	149.1627194	590.73
259413693	-35.3633904	149.1627304	590.73
259613613	-35.3633899	149.1627416	590.73
259813533	-35.3633893	149.1627526	590.73
260013453	-35.3633888	149.1627636	590.73
260213373	-35.3633883	149.1627746	590.75
260413293	-35.363388	149.1627856	590.75
260613213	-35.3633875	149.1627967	590.75
260813966	-35.3633869	149.1628077	590.75
261013886	-35.3633864	149.1628187	590.75
261213806	-35.363386	149.1628297	590.75
261413726	-35.3633856	149.1628407	590.75
261613646	-35.363385	149.1628517	590.75
261813566	-35.3633845	149.1628627	590.75
262013486	-35.363384	149.1628737	590.75
262213406	-35.3633836	149.1628848	590.75
262413326	-35.3633832	149.1628958	590.75
262613246	-35.3633826	149.1629068	590.75
262813166	-35.3633821	149.1629178	590.75
263013919	-35.3633816	149.1629288	590.75
263213839	-35.3633813	149.1629398	590.75
263413759	-35.3633808	149.1629508	590.75
263613679	-35.3633802	149.1629618	590.75
263813599	-35.3633797	149.1629728	590.75
264013519	-35.3633792	149.1629839	590.76
264213439	-35.3633789	149.1629949	590.76
264413359	-35.3633783	149.1630059	590.76
264613279	-35.3633778	149.1630169	590.76
264813199	-35.3633773	149.1630279	590.76
265013952	-35.3633768	149.1630387	590.76
265213872	-35.3633763	149.1630497	590.76
265413792	-35.3633759	149.1630607	590.76
265613712	-35.3633754	149.1630717	590.76
265813632	-35.3633749	149.1630827	590.76
266013552	-35.3633744	149.1630937	590.76
266213472	-35.363374	149.1631047	590.76
266413392	-35.3633735	149.1631156	590.76
266613312	-35.363373	149.1631266	590.76
266813232	-35.3633725	149.1631377	590.76
267013985	-35.363372	149.1631487	590.76
267213905	-35.3633717	149.1631597	590.76
267413825	-35.3633711	149.1631707	590.76
267613745	-35.3633706	149.1631817	590.76
267813665	-35.3633702	149.1631927	590.76
268013585	-35.3633698	149.1632037	590.76
268213505	-35.3633692	149.1632147	590.76
268413425	-35.3633688	149.1632258	590.76
268613345	-35.3633683	149.1632368	590.76
268813265	-35.3633679	149.1632478	590.76
269013185	-35.3633674	149.1632588	590.76
269213938	-35.3633669	149.1632699	590.75
269413858	-35.3633664	149.1632809	590.75
269613778	-35.3633661	149.1632919	590.75
269813698	-35.3633656	149.1633029	590.75
270013618	-35.363365	149.1633138	590.75
270213538	-35.3633646	149.1633249	590.75
270413458	-35.3633641	149.1633358	590.75
270613378	-35.3633637	149.1633468	590.75
270813298	-35.3633631	149.1633578	590.76
271013218	-35.3633627	149.1633688	590.76
271213971	-35.3633622	149.1633798	590.76
271413891	-35.3633617	149.1633908	590.76
271613811	-35.3633613	149.1634018	590.76
271813731	-35.3633608	149.1634128	590.76
272013651	-35.3633603	149.1634238	590.76
272213571	-35.3633598	149.1634348	590.75
272413491	-35.3633594	149.1634458	590.75
272613411	-35.3633589	149.1634568	590.75
272813331	-35.3633584	149.1634679	590.75
273013251	-35.3633579	149.1634789	590.75
273213171	-35.3633574	149.1634899	590.75
273413924	-35.363357	149.1635009	590.75
273613844	-35.3633565	149.1635119	590.76
273813764	-35.363356	149.1635229	590.76
274013684	-35.3633555	149.1635339	590.76
274213604	-35.363355	149.1635449	590.76
274413524	-35.3633546	149.1635559	590.76
274613444	-35.3633541	149.163567	590.76
274813364	-35.3633536	149.163578	590.76
275013284	-35.3633531	149.163589	590.76
275213204	-35.3633527	149.1636	590.76
275413957	-35.3633522	149.163611	590.76
275613877	-35.3633517	149.163622	590.76
275813797	-35.3633512	149.163633	590.76
276013717	-35.3633507	149.163644	590.76
276213637	-35.3633504	149.163655	590.76
276413557	-35.3633498	149.163666	590.76
276613477	-35.3633493	149.163677	590.76
276813397	-35.3633489	149.1636879	590.77
277013317	-35.3633485	149.1636989	590.77
277213237	-35.3633479	149.1637099	590.77
277413990	-35.3633474	149.1637209	590.77
277613910	-35.363347	149.1637319	590.77
277813830	-35.3633465	149.1637429	590.77
278013750	-35.3633461	149.1637539	590.77
278213670	-35.3633456	149.1637649	590.76
278413590	-35.3633451	149.1637759	590.76
278613510	-35.3633446	149.1637869	590.76
278813430	-35.3633443	149.1637979	590.76
279013350	-35.3633437	149.1638089	590.76
279213270	-35.3633432	149.1638199	590.76
279413190	-35.3633428	149.1638309	590.76
279613943	-35.3633424	149.1638419	590.76
279813863	-35.3633419	149.1638529	590.76
280013783	-35.3633413	149.1638639	590.76
280213703	-35.3633409	149.1638749	590.76
280413623	-35.3633404	149.1638859	590.76
280613543	-35.36334	149.1638969	590.76
280813463	-35.3633394	149.1639079	590.76
281013383	-35.3633389	149.1639189	590.76
281213303	-35.3633384	149.1639299	590.76
281413223	-35.363338	149.163941	590.76
281613976	-35.3633376	149.163952	590.76
281813896	-35.363337	149.163963	590.76
282013816	-35.3633365	149.163974	590.76
282213736	-35.363336	149.163985	590.76
282413656	-35.3633355	149.163996	590.76
282613576	-35.3633352	149.164007	590.76
282813496	-35.3633346	149.1640181	590.76
283013416	-35.3633341	149.1640291	590.76
283213336	-35.3633336	149.1640401	590.76
283413256	-35.3633331	149.1640511	590.76
283613176	-35.3633327	149.1640621	590.76
283813929	-35.3633322	149.1640731	590.76
284013849	-35.3633317	149.1640842	590.75
284213769	-35.3633313	149.1640952	590.75
284413689	-35.3633309	149.1641062	590.75
284613609	-35.3633303	149.1641172	590.75
284813529	-35.3633299	149.1641282	590.75
285013449	-35.3633294	149.1641392	590.75
285213369	-35.363329	149.1641502	590.76
285413289	-35.3633285	149.1641613	590.76
285613209	-35.363328	149.1641723	590.76
285813962	-35.3633275	149.1641833	590.76
286013882	-35.363327	149.1641943	590.76
286213802	-35.3633267	149.1642053	590.76
286413722	-35.3633261	149.1642163	590.76
286613642	-35.3633256	149.1642273	590.76
286813562	-35.3633252	149.1642383	590.76
287013482	-35.3633248	149.1642493	590.76
287213402	-35.3633242	149.1642603	590.76
287413322	-35.3633237	149.1642713	590.76
287613242	-35.3633232	149.1642823	590.76
287813162	-35.3633229	149.1642933	590.76
288013915	-35.3633224	149.1643043	590.76
288213835	-35.3633218	149.1643153	590.76
288413755	-35.3633213	149.1643263	590.76
288613675	-35.3633208	149.1643373	590.76
288813595	-35.3633205	149.1643483	590.76
289013515	-35.36332	149.1643593	590.76
289213435	-35.3633194	149.1643703	590.76
289413355	-35.3633189	149.1643813	590.76
289613275	-35.3633184	149.1643923	590.76
289813195	-35.3633179	149.1644033	590.76
290013948	-35.3633175	149.1644143	590.76
290213868	-35.363317	149.1644253	590.75
290413788	-35.3633165	149.1644363	590.75
290613708	-35.363316	149.1644474	590.75
290813628	-35.3633157	149.1644584	590.75
291013548	-35.3633151	149.1644694	590.75
291213468	-35.3633146	149.1644804	590.75
291413388	-35.3633141	149.1644914	590.75
291613308	-35.3633138	149.1645024	590.75
291813228	-35.3633133	149.1645134	590.75
292013981	-35.3633127	149.1645244	590.75
292213901	-35.3633123	149.1645354	590.75
292413821	-35.3633118	149.1645465	590.75
292613741	-35.3633114	149.1645575	590.75
292813661	-35.3633109	149.1645685	590.75
293013581	-35.3633104	149.1645795	590.75
293213501	-35.3633099	149.1645903	590.75
293413421	-35.3633094	149.1646013	590.75
293613341	-35.363309	149.1646123	590.75
293813261	-35.3633085	149.1646233	590.75
294013181	-35.363308	149.1646345	590.75
294213934	-35.3633075	149.1646455	590.75
294413854	-35.3633072	149.1646565	590.75
294613774	-35.3633066	149.1646675	590.75
294813694	-35.3633061	149.1646784	590.75
295013614	-35.3633057	149.1646894	590.75
295213534	-35.3633053	149.1647004	590.75
295413454	-35.3633048	149.1647114	590.75
295613374	-35.3633043	149.1647223	590.75
295813294	-35.3633038	149.1647333	590.75
296013214	-35.3633033	149.1647444	590.75
296213967	-35.363303	149.1647554	590.75
296413887	-35.3633024	149.1647664	590.75
296613807	-35.3633019	149.1647774	590.75
296813727	-35.3633014	149.1647884	590.75
297013647	-35.3633009	149.1647994	590.75
297213567	-35.3633005	149.1648104	590.75
297413487	-35.3633	149.1648214	590.76
297613407	-35.3632995	149.1648324	590.76
297813327	-35.363299	149.1648434	590.76
298013247	-35.3632986	149.1648545	590.76
298213167	-35.3632981	149.1648655	590.76
298413920	-35.3632976	149.1648765	590.76
298613840	-35.3632971	149.1648875	590.76
298813760	-35.3632966	149.1648985	590.76
299013680	-35.3632963	149.1649095	590.76
299213600	-35.3632957	149.1649205	590.76
299413520	-35.3632952	149.1649315	590.76
299613440	-35.3632948	149.1649426	590.76
299813360	-35.3632944	149.1649536	590.76
300013280	-35.3632938	149.1649646	590.76
300213200	-35.3632933	149.1649757	590.76
300413953	-35.3632929	149.1649867	590.76
300613873	-35.3632925	149.1649977	590.76
300813793	-35.363292	149.1650087	590.76
301013713	-35.3632914	149.1650197	590.76
301213633	-35.363291	149.1650307	590.76
301413553	-35.3632905	149.1650417	590.76
301613473	-35.3632901	149.1650527	590.76
301813393	-35.3632896	149.1650637	590.76
302013313	-35.363289	149.1650746	590.76
302213233	-35.3632886	149.1650856	590.76
302413986	-35.3632881	149.1650965	590.76
302613906	-35.3632878	149.1651071	590.76
302813826	-35.3632872	149.1651177	590.76
303013746	-35.3632868	149.1651281	590.76
303213666	-35.3632865	149.1651383	590.76
303413586	-35.3632861	149.1651483	590.76
303613506	-35.3632857	149.1651579	590.76
303813426	-35.3632854	149.1651673	590.76
304013346	-35.3632851	149.1651762	590.76
304213266	-35.3632849	149.1651846	590.76
304413186	-35.3632847	149.1651927	590.76
304613939	-35.3632847	149.1652002	590.76
304813859	-35.3632846	149.1652072	590.76
305013779	-35.3632844	149.1652136	590.77
305213699	-35.3632844	149.1652195	590.77
305413619	-35.3632843	149.1652246	590.77
305613539	-35.3632844	149.1652291	590.77
305813459	-35.3632844	149.1652329	590.78
306013379	-35.3632844	149.1652359	590.78
306213299	-35.3632846	149.1652382	590.78
306413219	-35.3632847	149.1652397	590.78
306613972	-35.3632847	149.1652406	590.78
306813892	-35.3632847	149.1652411	590.78
307013812	-35.3632847	149.1652411	590.78
307213732	-35.3632847	149.1652408	590.78
307413652	-35.3632847	149.1652403	590.78
307613572	-35.3632844	149.1652397	590.78
307813492	-35.3632843	149.1652392	590.78
308013412	-35.3632841	149.1652385	590.78
308213332	-35.3632838	149.165238	590.78
308413252	-35.3632836	149.1652377	590.78
308613172	-35.3632834	149.1652373	590.78
308813925	-35.363283	149.1652372	590.78
309013845	-35.3632828	149.1652372	590.78
309213765	-35.3632825	149.1652373	590.78
309413685	-35.3632823	149.1652374	590.78
309613605	-35.363282	149.1652377	590.78
309813525	-35.3632818	149.165238	590.78
310013445	-35.3632817	149.1652383	590.77
310213365	-35.3632817	149.1652387	590.77
310413285	-35.3632816	149.165239	590.77
310613205	-35.3632816	149.1652394	590.77
310813958	-35.3632816	149.1652397	590.77
311013878	-35.3632817	149.1652401	590.77
311213798	-35.3632817	149.1652402	590.77
311413718	-35.3632817	149.1652404	590.77
311613638	-35.3632818	149.1652406	590.77
311813558	-35.3632819	149.1652406	590.77
312013478	-35.363282	149.1652406	590.77
312213398	-35.3632822	149.1652406	590.77
312413318	-35.3632823	149.1652406	590.77
312613238	-35.3632823	149.1652406	590.77
312813991	-35.3632824	149.1652406	590.77
313013911	-35.3632824	149.1652404	590.77
313213831	-35.3632825	149.1652403	590.77
313413751	-35.3632825	149.1652402	590.77
313613671	-35.3632825	149.1652402	590.77
313813591	-35.3632825	149.1652401	590.77
314013511	-35.3632826	149.1652401	590.77
314213431	-35.3632826	149.1652401	590.77
314413351	-35.3632826	149.1652401	590.77
314613271	-35.3632825	149.1652401	590.77
314813191	-35.3632825	149.1652401	590.77
315013944	-35.3632825	149.1652401	590.77
315213864	-35.3632825	149.1652401	590.77
315413784	-35.3632825	149.1652401	590.77
315613704	-35.3632825	149.1652401	590.77
315813624	-35.3632825	149.1652401	590.77
316013544	-35.3632825	149.1652401	590.77
316213464	-35.3632825	149.1652401	590.77
316413384	-35.3632825	149.1652401	590.77
316613304	-35.3632825	149.1652401	590.77
316813224	-35.3632826	149.1652401	590.77
317013977	-35.3632826	149.1652401	590.77
317213897	-35.3632826	149.1652401	590.77
317413817	-35.3632826	149.1652401	590.77
317613737	-35.3632826	149.1652401	590.77
317813657	-35.3632826	149.1652401	590.77
318013577	-35.3632828	149.1652401	590.77
318213497	-35.3632828	149.1652401	590.77
318413417	-35.3632828	149.1652401	590.77
318613337	-35.3632828	149.1652401	590.77
318813257	-35.3632828	149.1652401	590.77
319013177	-35.3632828	149.1652401	590.77
319213930	-35.3632828	149.1652401	590.77
319413850	-35.3632828	149.1652401	590.77
319613770	-35.3632828	149.1652401	590.77
319813690	-35.3632828	149.1652401	590.77
320013610	-35.3632828	149.1652401	590.77
320213530	-35.3632828	149.1652401	590.77
320413450	-35.3632828	149.1652401	590.77
320613370	-35.3632828	149.1652401	590.77
320813290	-35.3632828	149.1652399	590.77
321013210	-35.3632828	149.1652399	590.77
321213963	-35.3632828	149.1652399	590.77
321413883	-35.3632828	149.1652399	590.77
321613803	-35.3632826	149.1652398	590.77
321813723	-35.3632826	149.1652398	590.77
322013643	-35.3632826	149.1652398	590.77
322213563	-35.3632826	149.1652398	590.77
322413483	-35.3632826	149.1652398	590.77
322613403	-35.3632826	149.1652398	590.77
322813323	-35.3632826	149.1652399	590.77
323013243	-35.3632826	149.1652399	590.77
323213163	-35.3632826	149.1652399	590.77
323413916	-35.3632826	149.1652399	590.77
323613836	-35.3632828	149.1652399	590.77
323813756	-35.3632828	149.1652399	590.77
324013676	-35.3632828	149.1652399	590.77
324213596	-35.3632828	149.1652399	590.77
324413516	-35.3632828	149.1652399	590.77
324613436	-35.3632828	149.1652399	590.77
324813356	-35.3632828	149.1652399	590.77
325013276	-35.3632828	149.1652399	590.77
325213196	-35.3632828	149.1652399	590.77
325413949	-35.3632828	149.1652399	590.77
325613869	-35.3632828	149.1652399	590.77
325813789	-35.3632828	149.1652399	590.78
326013709	-35.3632828	149.1652399	590.78
326213629	-35.3632829	149.1652399	590.78
326413549	-35.3632829	149.1652399	590.78
326613469	-35.3632829	149.1652399	590.78
326813389	-35.3632829	149.1652399	590.78
327013309	-35.3632829	149.1652399	590.78
327213229	-35.3632829	149.1652399	590.78
327413982	-35.3632829	149.1652398	590.78
327613902	-35.3632829	149.1652398	590.78
327813822	-35.3632829	149.1652398	590.78
328013742	-35.3632829	149.1652398	590.78
328213662	-35.3632829	149.1652398	590.78
328413582	-35.3632829	149.1652398	590.77
328613502	-35.3632829	149.1652398	590.77
328813422	-35.3632829	149.1652397	590.77
329013342	-35.3632829	149.1652397	590.77
329213262	-35.3632829	149.1652397	590.77
329413182	-35.3632829	149.1652397	590.77
329613935	-35.3632829	149.1652397	590.77
329813855	-35.3632829	149.1652397	590.77
330013775	-35.3632828	149.1652397	590.77
330213695	-35.3632828	149.1652397	590.77
330413615	-35.3632828	149.1652397	590.77
330613535	-35.3632828	149.1652397	590.77
330813455	-35.3632828	149.1652397	590.77
331013375	-35.3632828	149.1652397	590.77
331213295	-35.3632828	149.1652397	590.77
331413215	-35.3632828	149.1652397	590.77
331613968	-35.3632828	149.1652397	590.77
331813888	-35.3632829	149.1652397	590.77
332013808	-35.3632829	149.1652398	590.77
332213728	-35.3632829	149.1652398	590.77
332413648	-35.3632829	149.1652398	590.77
332613568	-35.3632829	149.1652398	590.77
332813488	-35.3632829	149.1652398	590.77
333013408	-35.3632828	149.1652398	590.77
333213328	-35.3632825	149.1652397	590.77
333413248	-35.363282	149.1652397	590.77
333613168	-35.3632812	149.1652396	590.77
333813921	-35.3632801	149.1652393	590.77
334013841	-35.3632787	149.165239	590.77
334213761	-35.363277	149.1652387	590.77
334413681	-35.363275	149.1652382	590.77
334613601	-35.3632726	149.1652378	590.76
334813521	-35.3632699	149.1652373	590.76
335013441	-35.363267	149.1652368	590.76
335213361	-35.3632636	149.1652361	590.76
335413281	-35.3632604	149.1652354	590.76
335613201	-35.3632567	149.1652349	590.76
335813954	-35.3632531	149.1652342	590.76
336013874	-35.3632494	149.1652336	590.76
336213794	-35.3632459	149.1652332	590.76
336413714	-35.3632427	149.165233	590.76
336613634	-35.3632398	149.1652327	590.76
336813554	-35.3632374	149.1652326	590.76
337013474	-35.3632355	149.1652326	590.76
337213394	-35.3632342	149.1652327	590.76
337413314	-35.3632332	149.165233	590.76
337613234	-35.3632327	149.1652331	590.76
337813987	-35.3632325	149.1652334	590.77
338013907	-35.3632326	149.1652335	590.77
338213827	-35.363233	149.1652336	590.77
338413747	-35.3632334	149.1652337	590.77
338613667	-35.3632339	149.1652339	590.77
338813587	-35.3632345	149.1652339	590.77
339013507	-35.363235	149.1652337	590.77
339213427	-35.3632355	149.1652336	590.77
339413347	-35.363236	149.1652334	590.77
339613267	-35.3632363	149.1652331	590.77
339813187	-35.3632366	149.1652329	590.77
340013940	-35.3632367	149.1652325	590.77
340213860	-35.3632367	149.1652322	590.77
340413780	-35.3632367	149.165232	590.76
340613700	-35.3632367	149.1652316	590.76
340813620	-35.3632366	149.1652315	590.76
341013540	-35.3632364	149.1652312	590.76
341213460	-35.3632362	149.165231	590.76
341413380	-35.3632361	149.1652308	590.76
341613300	-35.3632358	149.1652307	590.76
341813220	-35.3632356	149.1652306	590.76
342013973	-35.3632355	149.1652306	590.76
342213893	-35.3632354	149.1652305	590.76
342413813	-35.3632352	149.1652305	590.76
342613733	-35.3632354	149.1652305	590.76
342813653	-35.3632355	149.1652305	590.76
343013573	-35.3632361	149.1652305	590.76
343213493	-35.363237	149.1652305	590.76
343413413	-35.3632384	149.1652306	590.76
343613333	-35.36324	149.1652306	590.76
343813253	-35.3632419	149.1652306	590.77
344013173	-35.3632442	149.1652306	590.77
344213926	-35.3632466	149.1652305	590.77
344413846	-35.3632491	149.1652305	590.77
344613766	-35.3632515	149.1652303	590.77
344813686	-35.3632537	149.1652302	590.77
345013606	-35.3632556	149.1652301	590.77
345213526	-35.3632571	149.1652301	590.76
345413446	-35.3632583	149.1652299	590.76
345613366	-35.3632592	149.1652297	590.76
345813286	-35.3632598	149.1652296	590.76
346013206	-35.36326	149.1652294	590.76
346213959	-35.36326	149.1652293	590.76
346413879	-35.3632599	149.1652291	590.76
346613799	-35.3632597	149.1652291	590.76
346813719	-35.3632592	149.1652291	590.76
347013639	-35.3632588	149.1652289	590.76
347213559	-35.3632585	149.1652289	590.76
347413479	-35.3632581	149.1652289	590.76
347613399	-35.3632577	149.1652291	590.76
347813319	-35.3632574	149.1652291	590.76
348013239	-35.3632573	149.1652291	590.76
348213992	-35.3632571	149.1652292	590.76
348413912	-35.363257	149.1652293	590.76
348613832	-35.363257	149.1652293	590.76
348813752	-35.363257	149.1652294	590.76
349013672	-35.3632571	149.1652296	590.76
349213592	-35.3632573	149.1652296	590.76
349413512	-35.3632573	149.1652296	590.76
349613432	-35.3632574	149.1652297	590.76
349813352	-35.3632576	149.1652297	590.76
350013272	-35.3632577	149.1652297	590.76
350213192	-35.3632579	149.1652297	590.76
350413945	-35.363258	149.1652297	590.76
350613865	-35.363258	149.1652297	590.77
350813785	-35.3632581	149.1652297	590.77
351013705	-35.3632582	149.1652297	590.77
351213625	-35.3632582	149.1652297	590.77
351413545	-35.3632582	149.1652297	590.77
351613465	-35.3632582	149.1652296	590.77
351813385	-35.3632582	149.1652296	590.77
352013305	-35.3632582	149.1652296	590.77
352213225	-35.3632582	149.1652296	590.77
352413978	-35.3632582	149.1652296	590.77
352613898	-35.3632582	149.1652296	590.78
352813818	-35.3632582	149.1652296	590.78
353013738	-35.3632581	149.1652296	590.78
353213658	-35.3632581	149.1652296	590.78
353413578	-35.3632581	149.1652296	590.78
353613498	-35.3632581	149.1652296	590.78
353813418	-35.3632581	149.1652296	590.78
354013338	-35.3632581	149.1652296	590.78
354213258	-35.3632581	149.1652296	590.78
354413178	-35.3632581	149.1652296	590.78
354613931	-35.3632581	149.1652296	590.78
354813851	-35.3632581	149.1652296	590.78
355013771	-35.3632581	149.1652296	590.78
355213691	-35.3632581	149.1652296	590.78
355413611	-35.3632581	149.1652296	590.78
355613531	-35.3632581	149.1652296	590.78
355813451	-35.3632581	149.1652296	590.78
356013371	-35.3632581	149.1652296	590.78
356213291	-35.3632581	149.1652296	590.78
356413211	-35.3632582	149.1652296	590.78
356613964	-35.3632582	149.1652296	590.78
356813884	-35.3632582	149.1652296	590.78
357013804	-35.3632582	149.1652296	590.78
357213724	-35.3632582	149.1652297	590.78
357413644	-35.3632582	149.1652297	590.78
357613564	-35.3632582	149.1652297	590.78
357813484	-35.3632582	149.1652297	590.78
358013404	-35.3632582	149.1652296	590.78
358213324	-35.3632582	149.1652296	590.78
358413244	-35.3632582	149.1652296	590.78
358613164	-35.3632582	149.1652296	590.78
358813917	-35.3632582	149.1652296	590.78
359013837	-35.3632582	149.1652296	590.78
359213757	-35.3632582	149.1652296	590.78
359413677	-35.3632583	149.1652296	590.78
359613597	-35.3632583	149.1652296	590.78
359813517	-35.3632583	149.1652296	590.78
360013437	-35.3632583	149.1652296	590.78
360213357	-35.3632583	149.1652296	590.78
360413277	-35.3632583	149.1652296	590.78
360613197	-35.3632583	149.1652296	590.78
360813950	-35.3632583	149.1652296	590.78
361013870	-35.3632583	149.1652297	590.78
361213790	-35.3632583	149.1652297	590.78
361413710	-35.3632583	149.1652297	590.78
361613630	-35.3632583	149.1652297	590.78
361813550	-35.3632583	149.1652297	590.78
362013470	-35.3632583	149.1652297	590.78
362213390	-35.3632583	149.1652297	590.78
362413310	-35.3632583	149.1652297	590.78
362613230	-35.3632583	149.1652298	590.78
362813983	-35.3632583	149.1652298	590.78
363013903	-35.3632583	149.1652298	590.78
363213823	-35.3632583	149.1652298	590.78
363413743	-35.3632583	149.1652298	590.78
363613663	-35.3632583	149.1652298	590.78
363813583	-35.3632583	149.1652298	590.78
364013503	-35.3632583	149.1652298	590.78
364213423	-35.3632583	149.1652298	590.78
364413343	-35.3632583	149.1652298	590.78
364613263	-35.3632583	149.1652298	590.78
364813183	-35.3632583	149.1652298	590.78
365013936	-35.3632583	149.1652298	590.78
365213856	-35.3632583	149.1652298	590.78
365413776	-35.3632583	149.1652298	590.78
365613696	-35.3632583	149.1652298	590.78
365813616	-35.3632583	149.1652298	590.78
366013536	-35.3632583	149.1652298	590.77
366213456	-35.3632583	149.1652298	590.77
366413376	-35.3632583	149.1652298	590.77
366613296	-35.3632583	149.1652298	590.77
366813216	-35.3632583	149.1652297	590.77
367013969	-35.3632583	149.1652297	590.77
367213889	-35.3632583	149.1652297	590.77
367413809	-35.3632583	149.1652297	590.77
367613729	-35.3632583	149.1652297	590.77
367813649	-35.3632583	149.1652297	590.77
368013569	-35.3632583	149.1652297	590.77
368213489	-35.3632583	149.1652297	590.77
368413409	-35.3632583	149.1652297	590.76
368613329	-35.3632583	149.1652297	590.76
368813249	-35.3632583	149.1652297	590.76
369013169	-35.3632583	149.1652297	590.76
369213922	-35.3632583	149.1652297	590.76
369413842	-35.3632583	149.1652297	590.76
369613762	-35.3632583	149.1652297	590.76
369813682	-35.3632583	149.1652297	590.76
370013602	-35.3632583	149.1652297	590.76
370213522	-35.3632583	149.1652297	590.76
370413442	-35.3632583	149.1652297	590.76
370613362	-35.3632583	149.1652297	590.76
370813282	-35.3632583	149.1652297	590.76
371013202	-35.3632583	149.1652297	590.75
371213955	-35.3632583	149.1652297	590.75
371413875	-35.3632583	149.1652297	590.75
371613795	-35.3632583	149.1652298	590.75
371813715	-35.3632583	149.1652298	590.75
372013635	-35.3632583	149.1652298	590.75
372213555	-35.3632583	149.1652298	590.75
372413475	-35.3632582	149.1652298	590.75
372613395	-35.3632582	149.1652298	590.76
372813315	-35.3632582	149.1652298	590.76
373013235	-35.3632583	149.1652299	590.76
373213988	-35.3632583	149.1652299	590.76
373413908	-35.3632583	149.1652299	590.76
373613828	-35.3632583	149.1652299	590.76
373813748	-35.3632583	149.1652299	590.76
374013668	-35.3632583	149.1652299	590.76
374213588	-35.3632583	149.1652299	590.76
374413508	-35.3632585	149.1652299	590.76
374613428	-35.3632585	149.1652299	590.76
374813348	-35.3632585	149.1652299	590.76
375013268	-35.3632585	149.1652299	590.76
375213188	-35.3632585	149.1652299	590.76
375413941	-35.3632585	149.1652299	590.76
375613861	-35.3632585	149.1652299	590.76
375813781	-35.3632583	149.1652299	590.76
376013701	-35.3632583	149.1652299	590.76
376213621	-35.3632583	149.1652299	590.76
376413541	-35.3632583	149.1652299	590.76
376613461	-35.3632583	149.1652299	590.76
376813381	-35.3632583	149.1652299	590.76
377013301	-35.3632583	149.1652299	590.76
377213221	-35.3632583	149.1652299	590.73
377413974	-35.3632583	149.1652299	590.71
377613894	-35.3632583	149.1652299	590.64
377813814	-35.3632583	149.1652299	590.55
378013734	-35.3632583	149.1652299	590.45
378213654	-35.3632583	149.1652299	590.34
378413574	-35.3632583	149.1652299	590.22
378613494	-35.3632583	149.1652299	590.11
378813414	-35.3632583	149.1652299	590.02
379013334	-35.3632583	149.1652299	589.9
379213254	-35.3632585	149.1652299	589.8
379413174	-35.3632585	149.1652299	589.71
379613927	-35.3632585	149.1652299	589.61
379813847	-35.3632585	149.1652299	589.52
380013767	-35.3632585	149.1652299	589.42
380213687	-35.3632585	149.1652299	589.33
380413607	-35.3632585	149.1652299	589.23
380613527	-35.3632585	149.1652299	589.14
380813447	-35.3632585	149.1652299	589.04
381013367	-35.3632585	149.1652299	588.95
381213287	-35.3632585	149.1652299	588.85
381413207	-35.3632585	149.1652299	588.76
381613960	-35.3632585	149.1652299	588.66
381813880	-35.3632585	149.1652299	588.57
382013800	-35.3632585	149.1652299	588.47
382213720	-35.3632585	149.1652299	588.38
382413640	-35.3632585	149.1652299	588.28
382613560	-35.3632585	149.1652299	588.19
382813480	-35.3632585	149.1652299	588.09
383013400	-35.3632585	149.1652299	587.98
383213320	-35.3632585	149.1652299	587.9
383413240	-35.3632585	149.1652299	587.79
383613160	-35.3632585	149.1652299	587.71
383813913	-35.3632585	149.1652299	587.6
384013833	-35.3632585	149.1652299	587.52
384213753	-35.3632585	149.1652299	587.41
384413673	-35.3632585	149.1652299	587.33
384613593	-35.3632585	149.1652299	587.22
384813513	-35.3632585	149.1652299	587.14
385013433	-35.3632585	149.1652299	587.03
385213353	-35.3632585	149.1652301	586.95
385413273	-35.3632585	149.1652301	586.84
385613193	-35.3632585	149.1652301	586.76
385813946	-35.3632585	149.1652301	586.65
386013866	-35.3632585	149.1652301	586.57
386213786	-35.3632585	149.1652301	586.46
386413706	-35.3632585	149.1652301	586.38
386613626	-35.3632585	149.1652301	586.28
386813546	-35.3632585	149.1652301	586.19
387013466	-35.3632585	149.1652301	586.09
387213386	-35.3632585	149.1652301	585.98
387413306	-35.3632585	149.1652301	585.9
387613226	-35.3632585	149.1652301	585.79
387813979	-35.3632585	149.1652301	585.71
388013899	-35.3632585	149.1652301	585.6
388213819	-35.3632585	149.1652301	585.52
388413739	-35.3632585	149.1652301	585.41
388613659	-35.3632585	149.1652301	585.33
388813579	-35.3632585	149.1652301	585.22
389013499	-35.3632585	149.1652301	585.14
389213419	-35.3632585	149.1652301	585.03
389413339	-35.3632585	149.1652301	584.95
389613259	-35.3632585	149.1652301	584.84
389813179	-35.3632585	149.1652301	584.76
390013932	-35.3632585	149.1652301	584.65
390213852	-35.3632585	149.1652301	584.57
390413772	-35.3632585	149.1652301	584.46
390613692	-35.3632585	149.1652301	584.38
390813612	-35.3632585	149.1652301	584.28
391013532	-35.3632585	149.1652301	584.19
391213452	-35.3632585	149.1652301	584.09
391413372	-35.3632585	149.1652301	584.08
391613292	-35.3632585	149.1652301	584.09
391813212	-35.3632585	149.1652301	584.09
392013965	-35.3632585	149.1652301	584.09
392213885	-35.3632585	149.1652301	584.09
392413805	-35.3632585	149.1652301	584.09
392613725	-35.3632585	149.1652301	584.09
392813645	-35.3632585	149.1652301	584.09
393013565	-35.3632585	149.1652301	584.09
393213485	-35.3632585	149.1652301	584.09
393413405	-35.3632585	149.1652301	584.09
393613325	-35.3632585	149.1652301	584.09
393813245	-35.3632585	149.1652301	584.09
394013165	-35.3632585	149.1652301	584.09
394213918	-35.3632585	149.1652301	584.09
394413838	-35.3632585	149.1652301	584.09
394613758	-35.3632585	149.1652301	584.09
394813678	-35.3632585	149.1652301	584.09
395013598	-35.3632585	149.1652301	584.09
395213518	-35.3632585	149.1652301	584.09
395413438	-35.3632585	149.1652301	584.09
395613358	-35.3632585	149.1652301	584.09
395813278	-35.3632585	149.1652301	584.09
396013198	-35.3632585	149.1652301	584.09
396213951	-35.3632585	149.1652301	584.09
396413871	-35.3632585	149.1652301	584.09
396613791	-35.3632585	149.1652301	584.09
396813711	-35.3632585	149.1652301	584.09
397013631	-35.3632585	149.1652301	584.09
397213551	-35.3632585	149.1652301	584.09
397413471	-35.3632585	149.1652301	584.09
397613391	-35.3632585	149.1652301	584.09
397813311	-35.3632585	149.1652301	584.09
398013231	-35.3632585	149.1652301	584.09
398213984	-35.3632585	149.1652301	584.09
398413904	-35.3632585	149.1652301	584.09
398613824	-35.3632585	149.1652301	584.09
398813744	-35.3632585	149.1652301	584.09
399013664	-35.3632585	149.1652301	584.09
399213584	-35.3632585	149.1652301	584.09
399413504	-35.3632585	149.1652301	584.09
399613424	-35.3632585	149.1652301	584.09
399813344	-35.3632585	149.1652301	584.09
400013264	-35.3632585	149.1652301	584.09
400213184	-35.3632585	149.1652301	584.09
400413937	-35.3632585	149.1652301	584.09
400613857	-35.3632585	149.1652301	584.09
400813777	-35.3632585	149.1652301	584.09
401013697	-35.3632585	149.1652301	584.09
401213617	-35.3632585	149.1652301	584.09
401413537	-35.3632585	149.1652301	584.09
401613457	-35.3632585	149.1652301	584.09
401813377	-35.3632585	149.1652301	584.09
402013297	-35.3632585	149.1652301	584.09
402213217	-35.3632585	149.1652301	584.09
402413970	-35.3632585	149.1652301	584.09
402613890	-35.3632585	149.1652301	584.09
402813810	-35.3632585	149.1652301	584.09
403013730	-35.3632585	149.1652301	584.09
403213650	-35.3632585	149.1652301	584.09
403413570	-35.3632585	149.1652301	584.09
403613490	-35.3632585	149.1652301	584.09
403813410	-35.3632585	149.1652301	584.09
404013330	-35.3632585	149.1652301	584.09
404213250	-35.3632585	149.1652301	584.09
404413170	-35.3632585	149.1652301	584.09
404613923	-35.3632585	149.1652301	584.09
404813843	-35.3632585	149.1652301	584.09
405013763	-35.3632585	149.1652301	584.09
405213683	-35.3632585	149.1652301	584.09
405413603	-35.3632585	149.1652301	584.09
405613523	-35.3632585	149.1652301	584.09
405813443	-35.3632585	149.1652301	584.09
406013363	-35.3632585	149.1652301	584.09
406213283	-35.3632585	149.1652301	584.09
406413203	-35.3632585	149.1652301	584.09
406613956	-35.3632585	149.1652301	584.09
406813876	-35.3632585	149.1652301	584.09
407013796	-35.3632585	149.1652301	584.09
407213716	-35.3632585	149.1652301	584.09
407413636	-35.3632585	149.1652301	584.09
407613556	-35.3632585	149.1652301	584.09
407813476	-35.3632585	149.1652301	584.09
408013396	-35.3632585	149.1652301	584.09
