TimeStamp	POS_X	POS_Y	POS_Z
169882853	-78.7760256	0.1	0.0
170082773	-78.7760256	0.1	0.0
170282693	-78.7760256	0.1	0.0
170483446	-78.7760256	0.1	0.0
170683366	-78.7760256	0.1	0.0
170883286	-78.7760256	0.1	0.0
171083206	-78.7760256	0.1	0.0
171283126	-78.7760256	0.1	0.0
171483046	-78.7760256	0.1	0.0
171682966	-78.7760256	0.1	0.0
171882886	-78.7760256	0.1	0.0
172082806	-78.7760256	0.1	0.0
172282726	-78.7760256	0.1	0.0
172483479	-78.7760256	0.1	0.0
172683399	-78.7760256	0.1	0.0
172883319	-78.7760256	0.1	0.0
173083239	-78.7760256	0.1	0.0
173283159	-78.7760256	0.1	0.0
173483079	-78.7760256	0.1	0.0
173682999	-78.7760256	0.1	0.0
173882919	-78.7760256	0.1	0.0
174082839	-78.7760256	0.1	0.0
174282759	-78.7760256	0.1	0.0
174482679	-78.7760256	0.1	0.0
174683432	-78.7760256	0.1	0.0
174883352	-78.7760256	0.1	0.0
175083272	-78.7760256	0.1	0.0
175283192	-78.7760256	0.1	0.0
175483112	-78.7760256	0.1	0.0
175683032	-78.7760256	0.1	0.0
175882952	-78.7760256	0.1	0.0
176082872	-78.7760256	0.1	0.0
176282792	-78.7760256	0.1	0.0
176482712	-78.7760256	0.1	0.0
176683465	-78.7760256	0.1	0.0
176883385	-78.7760256	0.1	0.0
177083305	-78.7760256	0.1	0.0
177283225	-78.7760256	0.1	0.0
177483145	-78.7760256	0.1	0.0
177683065	-78.7760256	0.1	0.0
177882985	-78.7760256	0.1	0.0
178082905	-78.7760256	0.1	0.0
178282825	-78.7760256	0.1	0.0
178482745	-78.7760256	0.1	0.0
178682665	-78.7760256	0.1	0.0
178883418	-78.7760256	0.1	0.0
179083338	-78.7760256	0.1	0.0
179283258	-78.7760256	0.1	0.0
179483178	-78.7760256	0.1	0.0
179683098	-78.7760256	0.1	0.0
179883018	-78.7760256	0.1	0.0
180082938	-78.7760256	0.1	0.0
180282858	-78.7760256	0.1	0.0
180482778	-78.7760256	0.1	0.0
180682698	-78.7760256	0.1	0.0
180883451	-78.7760256	0.1	0.0
181083371	-78.7760256	0.09	0.0
181283291	-78.7760256	0.1	0.007
181483211	-78.7760256	0.16	0.039
181683131	-78.7760256	0.27	0.081
181883051	-78.7760258	0.44	0.12
182082971	-78.7760261	0.66	0.132
182282891	-78.7760263	0.91	0.123
182482811	-78.7760265	1.17	0.097
182682731	-78.7760267	1.43	0.068
182883484	-78.7760268	1.67	0.05
183083404	-78.7760268	1.86	0.033
183283324	-78.7760268	2.01	0.023
183483244	-78.776027	2.13	0.018
183683164	-78.776027	2.21	0.011
183883084	-78.776027	2.27	0.008
184083004	-78.776027	2.32	0.005
184282924	-78.776027	2.35	0.002
184482844	-78.776027	2.38	0.004
184682764	-78.776027	2.4	0.004
184882684	-78.776027	2.42	0.004
185083437	-78.776027	2.44	0.007
185283357	-78.776027	2.45	0.008
185483277	-78.776027	2.46	0.011
185683197	-78.7760268	2.47	0.012
185883117	-78.7760268	2.47	0.007
186083037	-78.7760268	2.48	0.004
186282957	-78.7760268	2.48	0.004
186482877	-78.7760268	2.48	0.01
186682797	-78.7760268	2.49	0.01
186882717	-78.7760268	2.49	0.009000001
187083470	-78.776027	2.49	0.009000001
187283390	-78.776027	2.49	0.005
187483310	-78.776027	2.49	0.003
187683230	-78.776027	2.49	0.001
187883150	-78.776027	2.48	0.004
188083070	-78.776027	2.48	0.008
188282990	-78.776027	2.48	0.008
188482910	-78.776027	2.48	0.006
188682830	-78.776027	2.48	0.008
188882750	-78.776027	2.48	0.009000001
189082670	-78.776027	2.48	0.01
189283423	-78.776027	2.48	0.008
189483343	-78.776027	2.48	0.006
189683263	-78.776027	2.48	0.004
189883183	-78.776027	2.48	0.004
190083103	-78.776027	2.48	0.007
190283023	-78.776027	2.48	0.01
190482943	-78.7760272	2.48	0.017
190682863	-78.7760272	2.48	0.028
190882783	-78.7760273	2.48	0.033
191082703	-78.7760273	2.48	0.039
191283456	-78.7760273	2.48	0.04
191483376	-78.7760275	2.48	0.038
191683296	-78.7760275	2.48	0.06
191883216	-78.7760278	2.48	0.176
192083136	-78.7760282	2.48	0.357
192283056	-78.7760289	2.48	0.563
192482976	-78.7760298	2.48	0.758
192682896	-78.776031	2.48	0.9260001
192882816	-78.7760323	2.48	1.064
193082736	-78.7760339	2.48	1.177
193283489	-78.7760354	2.48	1.292
193483409	-78.7760373	2.48	1.428
193683329	-78.776039	2.47	1.577
193883249	-78.7760409	2.47	1.735
194083169	-78.7760428	2.47	1.895
194283089	-78.7760447	2.48	2.062
194483009	-78.7760471	2.48	2.237
194682929	-78.7760498	2.48	2.406
194882849	-78.7760529	2.48	2.555
195082769	-78.7760564	2.48	2.68
195282689	-78.77606	2.48	2.782
195483442	-78.7760637	2.48	2.876
195683362	-78.7760675	2.48	2.972
195883282	-78.7760713	2.47	3.074
196083202	-78.7760756	2.47	3.179
196283122	-78.7760802	2.47	3.276
196483042	-78.7760851	2.47	3.359
196682962	-78.7760902	2.47	3.436
196882882	-78.7760953	2.47	3.517
197082802	-78.7761003	2.47	3.595
197282722	-78.7761052	2.47	3.675
197483475	-78.77611	2.47	3.756
197683395	-78.7761149	2.47	3.834
197883315	-78.7761199	2.47	3.91
198083235	-78.7761249	2.47	3.987
198283155	-78.7761302	2.47	4.056
198483075	-78.7761357	2.47	4.124
198682995	-78.7761412	2.47	4.189
198882915	-78.7761467	2.47	4.251
199082835	-78.7761522	2.47	4.308
199282755	-78.7761577	2.47	4.369
199482675	-78.7761634	2.47	4.419
199683428	-78.776169	2.47	4.471
199883348	-78.7761747	2.46	4.522
200083268	-78.7761805	2.46	4.574
200283188	-78.7761862	2.46	4.609
200483108	-78.7761922	2.47	4.638
200683028	-78.7761981	2.47	4.664
200882948	-78.7762041	2.47	4.689
201082868	-78.7762099	2.47	4.714
201282788	-78.7762159	2.47	4.74
201482708	-78.7762219	2.47	4.767
201683461	-78.7762281	2.47	4.797
201883381	-78.7762341	2.47	4.821
202083301	-78.7762403	2.48	4.842
202283221	-78.7762465	2.48	4.86
202483141	-78.7762527	2.48	4.877
202683061	-78.776259	2.48	4.899
202882981	-78.7762652	2.48	4.917
203082901	-78.7762714	2.48	4.931
203282821	-78.7762778	2.48	4.943
203482741	-78.7762841	2.48	4.955
203682661	-78.7762906	2.48	4.966
203883414	-78.776297	2.48	4.979
204083334	-78.7763034	2.48	4.986
204283254	-78.7763099	2.48	4.995
204483174	-78.7763162	2.48	5.009
204683094	-78.7763228	2.48	5.02
204883014	-78.7763293	2.48	5.025
205082934	-78.7763358	2.48	5.03
205282854	-78.7763423	2.48	5.036
205482774	-78.7763489	2.48	5.04
205682694	-78.7763554	2.48	5.046
205883447	-78.7763621	2.48	5.05
206083367	-78.7763686	2.48	5.058
206283287	-78.7763753	2.48	5.063
206483207	-78.776382	2.49	5.065
206683127	-78.7763885	2.49	5.065
206883047	-78.7763952	2.49	5.066
207082967	-78.7764019	2.49	5.067
207282887	-78.7764086	2.49	5.069
207482807	-78.7764153	2.49	5.074
207682727	-78.776422	2.49	5.072
207883480	-78.7764287	2.49	5.07
208083400	-78.7764354	2.49	5.066
208283320	-78.7764421	2.49	5.072
208483240	-78.7764488	2.49	5.075
208683160	-78.7764555	2.49	5.076
208883080	-78.7764622	2.49	5.073
209083000	-78.7764689	2.49	5.073
209282920	-78.7764756	2.49	5.072
209482840	-78.7764823	2.49	5.071
209682760	-78.776489	2.49	5.066
209882680	-78.7764957	2.49	5.062
210083433	-78.7765024	2.49	5.06
210283353	-78.7765091	2.49	5.059
210483273	-78.7765158	2.49	5.059
210683193	-78.7765225	2.49	5.052
210883113	-78.7765292	2.49	5.047
211083033	-78.7765359	2.49	5.046
211282953	-78.7765426	2.49	5.042
211482873	-78.7765493	2.49	5.042
211682793	-78.776556	2.49	5.041
211882713	-78.7765627	2.49	5.044
212083466	-78.7765694	2.49	5.043
212283386	-78.7765761	2.49	5.04
212483306	-78.7765828	2.49	5.037
212683226	-78.7765895	2.49	5.039
212883146	-78.7765962	2.49	5.037
213083066	-78.7766027	2.49	5.034
213282986	-78.7766094	2.49	5.032
213482906	-78.7766161	2.49	5.031
213682826	-78.7766228	2.5	5.029
213882746	-78.7766295	2.5	5.026
214082666	-78.7766362	2.5	5.026
214283419	-78.7766427	2.5	5.028
214483339	-78.7766494	2.5	5.029
214683259	-78.7766561	2.5	5.028
214883179	-78.7766628	2.5	5.026
215083099	-78.7766695	2.5	5.023
215283019	-78.7766762	2.5	5.022
215482939	-78.7766829	2.5	5.019
215682859	-78.7766895	2.5	5.017
215882779	-78.7766961	2.5	5.018
216082699	-78.7767028	2.5	5.015
216283452	-78.7767094	2.5	5.017
216483372	-78.7767161	2.5	5.014
216683292	-78.7767228	2.5	5.01
216883212	-78.7767293	2.5	5.008
217083132	-78.776736	2.5	5.006
217283052	-78.7767427	2.5	5.006
217482972	-78.7767492	2.5	5.003
217682892	-78.7767559	2.49	5.0
217882812	-78.7767626	2.49	5.007
218082732	-78.7767691	2.49	5.012
218283485	-78.7767758	2.49	5.013
218483405	-78.7767825	2.49	5.01
218683325	-78.7767891	2.49	5.005
218883245	-78.7767956	2.49	5.002
219083165	-78.7768023	2.49	5.007
219283085	-78.776809	2.49	5.013
219483005	-78.7768155	2.49	5.014
219682925	-78.7768222	2.49	5.011
219882845	-78.7768289	2.49	5.01
220082765	-78.7768354	2.49	5.013
220282685	-78.7768421	2.49	5.015
220483438	-78.7768488	2.48	5.018
220683358	-78.7768554	2.48	5.019
220883278	-78.7768621	2.48	5.019
221083198	-78.7768687	2.48	5.015
221283118	-78.7768753	2.48	5.013
221483038	-78.7768818	2.48	5.012
221682958	-78.7768885	2.48	5.016
221882878	-78.776895	2.48	5.013
222082798	-78.7769017	2.48	5.015
222282718	-78.7769084	2.48	5.015
222483471	-78.776915	2.48	5.013
222683391	-78.7769216	2.47	5.014
222883311	-78.7769282	2.47	5.012
223083231	-78.7769347	2.47	5.008
223283151	-78.7769414	2.47	5.006
223483071	-78.7769481	2.47	5.001
223682991	-78.7769546	2.47	5.0
223882911	-78.7769613	2.47	4.996
224082831	-78.7769679	2.47	4.999
224282751	-78.7769745	2.47	4.999
224482671	-78.7769811	2.47	5.001
224683424	-78.7769876	2.47	4.998
224883344	-78.7769943	2.47	5.005
225083264	-78.7770008	2.47	5.01
225283184	-78.7770075	2.47	5.009
225483104	-78.7770141	2.47	5.006
225683024	-78.7770207	2.47	5.005
225882944	-78.7770273	2.46	5.004
226082864	-78.7770338	2.46	5.002
226282784	-78.7770405	2.46	4.999
226482704	-78.777047	2.46	5.001
226683457	-78.7770537	2.46	5.005
226883377	-78.7770604	2.46	5.005
227083297	-78.777067	2.46	5.009
227283217	-78.7770736	2.46	5.008
227483137	-78.7770802	2.46	5.006
227683057	-78.7770869	2.46	5.005
227882977	-78.7770934	2.46	5.004
228082897	-78.7771001	2.46	5.007
228282817	-78.7771066	2.46	5.003
228482737	-78.7771133	2.46	5.003
228683490	-78.7771199	2.46	5.006
228883410	-78.7771266	2.46	5.007
229083330	-78.7771332	2.46	5.009
229283250	-78.7771398	2.46	5.011
229483170	-78.7771463	2.46	5.01
229683090	-78.777153	2.46	5.01
229883010	-78.7771597	2.46	5.01
230082930	-78.7771662	2.46	5.009
230282850	-78.7771729	2.46	5.007
230482770	-78.7771796	2.46	5.003
230682690	-78.7771862	2.46	5.005
230883443	-78.7771928	2.46	5.007
231083363	-78.7771994	2.46	5.007
231283283	-78.7772059	2.46	5.01
231483203	-78.7772126	2.45	5.013
231683123	-78.7772193	2.45	5.019
231883043	-78.7772258	2.45	5.019
232082963	-78.7772325	2.45	5.021
232282883	-78.7772392	2.45	5.02
232482803	-78.7772458	2.45	5.019
232682723	-78.7772524	2.45	5.015
232883476	-78.777259	2.45	5.013
233083396	-78.7772655	2.45	5.013
233283316	-78.7772722	2.45	5.01
233483236	-78.7772789	2.44	5.006
233683156	-78.7772854	2.44	5.005
233883076	-78.7772921	2.44	5.007
234082996	-78.7772987	2.44	5.014
234282916	-78.7773054	2.44	5.017
234482836	-78.777312	2.44	5.017
234682756	-78.7773186	2.44	5.009
234882676	-78.7773253	2.44	5.008
235083429	-78.7773318	2.44	5.007
235283349	-78.7773385	2.44	5.01
235483269	-78.7773452	2.45	5.01
235683189	-78.7773517	2.45	5.014
235883109	-78.7773584	2.45	5.012
236083029	-78.777365	2.45	5.003
236282949	-78.7773716	2.45	4.998
236482869	-78.7773782	2.45	4.998
236682789	-78.7773847	2.45	4.999
236882709	-78.7773914	2.45	4.996
237083462	-78.7773981	2.45	4.996
237283382	-78.7774046	2.45	4.996
237483302	-78.7774113	2.45	4.997
237683222	-78.7774179	2.46	5.001
237883142	-78.7774245	2.46	4.996
238083062	-78.7774311	2.46	4.98
238282982	-78.7774376	2.46	4.945
238482902	-78.7774441	2.46	4.892
238682822	-78.7774507	2.46	4.827
238882742	-78.777457	2.47	4.75
239082662	-78.7774632	2.47	4.662
239283415	-78.7774695	2.47	4.56
239483335	-78.7774756	2.47	4.445
239683255	-78.7774814	2.47	4.316
239883175	-78.7774872	2.48	4.168
240083095	-78.7774927	2.48	4.0
240283015	-78.7774982	2.48	3.816
240482935	-78.7775032	2.48	3.627
240682855	-78.7775082	2.48	3.436
240882775	-78.7775128	2.48	3.246
241082695	-78.7775173	2.48	3.049
241283448	-78.7775214	2.49	2.843
241483368	-78.7775254	2.49	2.614
241683288	-78.7775288	2.49	2.362
241883208	-78.7775322	2.49	2.077
242083128	-78.777535	2.49	1.743
242283048	-78.7775372	2.49	1.409
242482968	-78.7775393	2.5	1.137
242682888	-78.7775408	2.5	0.9350001
242882808	-78.7775422	2.5	0.791
243082728	-78.7775434	2.5	0.679
243283481	-78.7775444	2.5	0.575
243483401	-78.7775451	2.5	0.475
243683321	-78.7775458	2.5	0.378
243883241	-78.7775462	2.5	0.287
244083161	-78.7775465	2.5	0.205
244283081	-78.7775465	2.5	0.137
244483001	-78.7775465	2.5	0.09200001
244682921	-78.7775465	2.5	0.08000001
244882841	-78.7775463	2.5	0.108
245082761	-78.777546	2.5	0.142
245282681	-78.7775456	2.5	0.18
245483434	-78.7775451	2.5	0.213
245683354	-78.7775446	2.5	0.241
245883274	-78.7775441	2.49	0.259
246083194	-78.7775434	2.49	0.275
246283114	-78.7775429	2.49	0.286
246483034	-78.7775422	2.49	0.288
246682954	-78.7775415	2.49	0.289
246882874	-78.777541	2.49	0.287
247082794	-78.7775403	2.49	0.281
247282714	-78.7775396	2.49	0.277
247483467	-78.7775391	2.49	0.272
247683387	-78.7775386	2.48	0.262
247883307	-78.7775379	2.48	0.25
248083227	-78.7775374	2.48	0.239
248283147	-78.777537	2.48	0.225
248483067	-78.7775365	2.48	0.214
248682987	-78.777536	2.47	0.2
248882907	-78.7775357	2.47	0.184
249082827	-78.7775353	2.47	0.165
249282747	-78.777535	2.47	0.15
249482667	-78.7775346	2.47	0.136
249683420	-78.7775343	2.46	0.122
249883340	-78.7775341	2.46	0.108
250083260	-78.777534	2.46	0.093
250283180	-78.7775338	2.46	0.078
250483100	-78.7775336	2.46	0.07
250683020	-78.7775336	2.46	0.061
250882940	-78.7775334	2.46	0.054
251082860	-78.7775334	2.46	0.045
251282780	-78.7775334	2.46	0.036
251482700	-78.7775334	2.46	0.029
251683453	-78.7775333	2.46	0.025
251883373	-78.7775334	2.46	0.026
252083293	-78.7775334	2.46	0.025
252283213	-78.7775334	2.46	0.028
252483133	-78.7775334	2.46	0.033
252683053	-78.7775334	2.46	0.032
252882973	-78.7775336	2.46	0.035
253082893	-78.7775336	2.46	0.038
253282813	-78.7775338	2.46	0.042
253482733	-78.7775339	2.46	0.039
253683486	-78.777534	2.46	0.042
253883406	-78.7775341	2.46	0.045
254083326	-78.7775341	2.46	0.046
254283246	-78.7775343	2.46	0.043
254483166	-78.7775343	2.46	0.042
254683086	-78.7775345	2.46	0.042
254883006	-78.7775346	2.46	0.048
255082926	-78.7775346	2.46	0.044
255282846	-78.7775348	2.46	0.039
255482766	-78.7775348	2.46	0.036
255682686	-78.777535	2.46	0.032
255883439	-78.7775351	2.46	0.034
256083359	-78.7775352	2.46	0.03
256283279	-78.7775353	2.46	0.029
256483199	-78.7775353	2.47	0.025
256683119	-78.7775353	2.47	0.023
256883039	-78.7775355	2.47	0.021
257082959	-78.7775355	2.47	0.022
257282879	-78.7775355	2.47	0.023
257482799	-78.7775355	2.47	0.019
257682719	-78.7775355	2.47	0.017
257883472	-78.7775357	2.47	0.012
258083392	-78.7775357	2.47	0.007
258283312	-78.7775357	2.47	0.004
258483232	-78.7775357	2.47	0.0
258683152	-78.7775357	2.47	0.004
258883072	-78.7775357	2.47	0.007
259082992	-78.7775357	2.47	0.009000001
259282912	-78.7775358	2.47	0.011
259482832	-78.7775358	2.47	0.01
259682752	-78.7775358	2.47	0.009000001
259882672	-78.7775358	2.47	0.01
260083425	-78.7775358	2.47	0.008
260283345	-78.7775358	2.47	0.008
260483265	-78.7775358	2.47	0.005
260683185	-78.7775358	2.47	0.004
260883105	-78.7775358	2.47	0.008
261083025	-78.7775358	2.47	0.006
261282945	-78.7775358	2.47	0.007
261482865	-78.7775358	2.47	0.004
261682785	-78.7775358	2.47	0.005
261882705	-78.7775358	2.47	0.007
262083458	-78.7775358	2.48	0.007
262283378	-78.7775358	2.48	0.011
262483298	-78.7775358	2.48	0.012
262683218	-78.7775358	2.48	0.014
262883138	-78.7775358	2.48	0.015
263083058	-78.7775358	2.48	0.014
263282978	-78.7775358	2.48	0.014
263482898	-78.7775358	2.48	0.016
263682818	-78.7775358	2.47	0.018
263882738	-78.7775358	2.47	0.015
264083491	-78.7775358	2.47	0.013
264283411	-78.7775358	2.47	0.011
264483331	-78.7775358	2.47	0.005
264683251	-78.7775358	2.47	0.002
264883171	-78.7775358	2.47	0.003
265083091	-78.7775358	2.47	0.003
265283011	-78.7775358	2.47	0.006
265482931	-78.7775357	2.46	0.007
265682851	-78.7775357	2.46	0.007
265882771	-78.7775357	2.46	0.006
266082691	-78.7775358	2.46	0.008
266283444	-78.7775358	2.46	0.064
266483364	-78.777536	2.46	0.204
266683284	-78.7775364	2.46	0.406
266883204	-78.7775372	2.45	0.6350001
267083124	-78.7775383	2.45	0.851
267283044	-78.7775396	2.45	1.017
267482964	-78.7775412	2.45	1.154
267682884	-78.7775429	2.45	1.284
267882804	-78.7775448	2.45	1.424
268082724	-78.7775465	2.45	1.572
268283477	-78.7775485	2.45	1.721
268483397	-78.7775504	2.45	1.878
268683317	-78.7775525	2.46	2.049
268883237	-78.7775551	2.46	2.222
269083157	-78.777558	2.46	2.386
269283077	-78.7775613	2.47	2.526
269482997	-78.7775647	2.47	2.644
269682917	-78.7775686	2.47	2.751
269882837	-78.7775726	2.47	2.855
270082757	-78.7775769	2.47	2.96
270282677	-78.7775815	2.47	3.06
270483430	-78.7775863	2.48	3.155
270683350	-78.7775912	2.48	3.256
270883270	-78.777596	2.48	3.36
271083190	-78.7776006	2.48	3.464
271283110	-78.7776054	2.48	3.563
271483030	-78.7776102	2.48	3.662
271682950	-78.777615	2.48	3.758
271882870	-78.77762	2.48	3.85
272082790	-78.7776253	2.49	3.934
272282710	-78.7776307	2.49	4.016
272483463	-78.777636	2.49	4.096
272683383	-78.7776415	2.48	4.175
272883303	-78.7776468	2.48	4.25
273083223	-78.7776523	2.48	4.319
273283143	-78.7776579	2.48	4.386
273483063	-78.7776635	2.48	4.449
273682983	-78.7776691	2.48	4.509
273882903	-78.7776748	2.48	4.565
274082823	-78.7776805	2.48	4.618
274282743	-78.7776863	2.48	4.665
274482663	-78.7776921	2.47	4.705
274683416	-78.7776978	2.47	4.737
274883336	-78.7777038	2.47	4.773
275083256	-78.7777096	2.47	4.804
275283176	-78.7777155	2.47	4.833
275483096	-78.7777213	2.47	4.858
275683016	-78.7777273	2.47	4.884
275882936	-78.7777333	2.47	4.908
276082856	-78.7777392	2.47	4.933
276282776	-78.7777452	2.47	4.954
276482696	-78.7777512	2.47	4.975
276683449	-78.7777574	2.47	4.996
276883369	-78.7777634	2.47	5.017
277083289	-78.7777696	2.47	5.034
277283209	-78.7777756	2.47	5.048
277483129	-78.7777818	2.47	5.057
277683049	-78.777788	2.47	5.068
277882969	-78.7777942	2.47	5.079
278082889	-78.7778003	2.47	5.083
278282809	-78.7778065	2.47	5.09
278482729	-78.7778127	2.47	5.094
278683482	-78.7778191	2.47	5.102
278883402	-78.7778253	2.47	5.109
279083322	-78.7778316	2.47	5.11
279283242	-78.7778379	2.47	5.107
279483162	-78.7778441	2.47	5.109
279683082	-78.7778505	2.47	5.11
279883002	-78.7778568	2.47	5.114
280082922	-78.777863	2.47	5.114
280282842	-78.7778694	2.47	5.114
280482762	-78.7778757	2.47	5.115
280682682	-78.7778819	2.47	5.119
280883435	-78.7778884	2.47	5.12
281083355	-78.7778948	2.47	5.122
281283275	-78.7779012	2.48	5.122
281483195	-78.7779075	2.48	5.12
281683115	-78.7779139	2.48	5.119
281883035	-78.7779202	2.48	5.116
282082955	-78.7779267	2.48	5.116
282282875	-78.7779331	2.48	5.115
282482795	-78.7779395	2.48	5.106
282682715	-78.7779458	2.48	5.097
282883468	-78.7779523	2.48	5.094
283083388	-78.7779587	2.48	5.09
283283308	-78.7779651	2.48	5.087
283483228	-78.7779714	2.48	5.086
283683148	-78.7779779	2.48	5.081
283883068	-78.7779841	2.48	5.077
284082988	-78.7779906	2.48	5.075
284282908	-78.777997	2.48	5.075
284482828	-78.7780034	2.48	5.075
284682748	-78.7780097	2.48	5.077
284882668	-78.7780162	2.48	5.075
285083421	-78.7780226	2.47	5.074
285283341	-78.7780291	2.47	5.067
285483261	-78.7780355	2.47	5.062
285683181	-78.778042	2.47	5.062
285883101	-78.7780484	2.47	5.056
286083021	-78.7780547	2.47	5.046
286282941	-78.7780612	2.47	5.04
286482861	-78.7780674	2.47	5.041
286682781	-78.7780739	2.47	5.043
286882701	-78.7780803	2.47	5.046
287083454	-78.7780867	2.47	5.047
287283374	-78.778093	2.47	5.04
287483294	-78.7780995	2.47	5.033
287683214	-78.7781059	2.47	5.029
287883134	-78.7781122	2.47	5.029
288083054	-78.7781186	2.47	5.029
288282974	-78.7781251	2.47	5.033
288482894	-78.7781315	2.47	5.033
288682814	-78.7781378	2.47	5.027
288882734	-78.7781442	2.48	5.024
289083487	-78.7781505	2.48	5.024
289283407	-78.7781569	2.48	5.02
289483327	-78.7781634	2.48	5.014
289683247	-78.7781698	2.48	5.011
289883167	-78.7781761	2.48	5.012
290083087	-78.7781823	2.48	5.016
290283007	-78.7781888	2.48	5.015
290482927	-78.778195	2.48	5.015
290682847	-78.7782015	2.48	5.01
290882767	-78.7782077	2.48	5.01
291082687	-78.7782141	2.48	5.01
291283440	-78.7782205	2.48	5.008
291483360	-78.7782268	2.48	5.011
291683280	-78.7782331	2.48	5.012
291883200	-78.7782395	2.48	5.012
292083120	-78.7782457	2.48	5.009
292283040	-78.7782521	2.49	5.004
292482960	-78.7782584	2.49	4.999
292682880	-78.7782646	2.49	5.008
292882800	-78.7782709	2.49	5.005
293082720	-78.7782773	2.49	4.998
293283473	-78.7782836	2.49	4.995
293483393	-78.77829	2.49	4.994
293683313	-78.7782962	2.49	4.994
293883233	-78.7783025	2.49	4.995
294083153	-78.7783087	2.49	4.994
294283073	-78.7783151	2.49	4.996
294482993	-78.7783214	2.49	4.996
294682913	-78.7783276	2.49	4.994
294882833	-78.778334	2.49	4.994
295082753	-78.7783403	2.49	4.998
295282673	-78.7783465	2.49	5.002
295483426	-78.7783529	2.49	5.004
295683346	-78.7783592	2.5	5.001
295883266	-78.7783654	2.5	4.999
296083186	-78.7783718	2.5	4.998
296283106	-78.7783781	2.5	4.999
296483026	-78.7783843	2.5	4.999
296682946	-78.7783907	2.49	5.003
296882866	-78.778397	2.49	5.007
297082786	-78.7784032	2.49	5.006
297282706	-78.7784096	2.49	5.004
297483459	-78.7784159	2.49	5.007
297683379	-78.7784223	2.49	5.005
297883299	-78.7784286	2.49	5.003
298083219	-78.7784348	2.49	5.005
298283139	-78.7784411	2.49	5.004
298483059	-78.7784473	2.49	5.006
298682979	-78.7784537	2.49	5.007
298882899	-78.77846	2.49	5.01
299082819	-78.7784662	2.49	5.011
299282739	-78.7784726	2.49	5.011
299483492	-78.7784789	2.49	5.01
299683412	-78.7784853	2.49	5.01
299883332	-78.7784916	2.49	5.006
300083252	-78.7784978	2.49	5.003
300283172	-78.778504	2.49	5.001
300483092	-78.7785104	2.49	4.997
300683012	-78.7785167	2.49	4.995
300882932	-78.7785229	2.49	4.995
301082852	-78.7785293	2.49	4.995
301282772	-78.7785356	2.49	4.997
301482692	-78.7785418	2.49	4.998
301683445	-78.7785482	2.49	5.0
301883365	-78.7785545	2.49	5.001
302083285	-78.7785609	2.49	5.001
302283205	-78.778567	2.49	5.0
302483125	-78.7785734	2.49	4.998
302683045	-78.7785797	2.49	4.992
302882965	-78.7785859	2.48	4.988
303082885	-78.7785923	2.48	4.987
303282805	-78.7785986	2.48	4.989
303482725	-78.7786048	2.48	4.99
303683478	-78.7786112	2.48	4.99
303883398	-78.7786175	2.48	4.991
304083318	-78.7786237	2.48	4.991
304283238	-78.7786301	2.47	4.993
304483158	-78.7786364	2.47	4.988
304683078	-78.7786426	2.47	4.986
304882998	-78.7786488	2.47	4.984
305082918	-78.7786551	2.47	4.983
305282838	-78.7786613	2.47	4.987
305482758	-78.7786675	2.47	4.987
305682678	-78.7786739	2.47	4.987
305883431	-78.7786802	2.47	4.989
306083351	-78.7786864	2.47	4.986
306283271	-78.7786928	2.47	4.986
306483191	-78.7786991	2.47	4.989
306683111	-78.7787053	2.46	4.99
306883031	-78.7787117	2.46	4.993
307082951	-78.778718	2.46	4.995
307282871	-78.7787242	2.46	4.997
307482791	-78.7787306	2.46	4.997
307682711	-78.7787369	2.46	4.995
307883464	-78.7787431	2.46	4.993
308083384	-78.7787495	2.46	4.992
308283304	-78.7787558	2.46	4.996
308483224	-78.7787621	2.47	4.994
308683144	-78.7787683	2.47	4.988
308883064	-78.7787745	2.47	4.989
309082984	-78.7787809	2.47	4.988
309282904	-78.7787871	2.47	4.988
309482824	-78.7787934	2.47	4.997
309682744	-78.7787996	2.46	4.996
309882664	-78.778806	2.46	4.992
310083417	-78.7788121	2.46	4.988
310283337	-78.7788185	2.46	4.986
310483257	-78.7788248	2.46	4.988
310683177	-78.778831	2.46	4.989
310883097	-78.7788372	2.47	4.988
311083017	-78.7788434	2.47	4.988
311282937	-78.7788498	2.47	4.997
311482857	-78.7788561	2.47	4.992
311682777	-78.7788624	2.47	4.983
311882697	-78.7788686	2.47	4.983
312083450	-78.7788748	2.47	4.982
312283370	-78.778881	2.47	4.981
312483290	-78.7788874	2.47	4.989
312683210	-78.7788937	2.47	4.996
312883130	-78.7788999	2.47	4.996
313083050	-78.7789063	2.47	4.994
313282970	-78.7789126	2.47	4.984
313482890	-78.7789188	2.47	4.977
313682810	-78.7789251	2.47	4.976
313882730	-78.7789313	2.47	4.977
314083483	-78.7789375	2.47	4.986
314283403	-78.7789439	2.47	4.994
314483323	-78.7789502	2.47	4.996
314683243	-78.7789564	2.47	4.993
314883163	-78.7789628	2.47	4.991
315083083	-78.7789691	2.47	4.992
315283003	-78.7789753	2.47	4.99
315482923	-78.7789816	2.47	4.987
315682843	-78.7789878	2.47	4.981
315882763	-78.778994	2.47	4.987
316082683	-78.7790004	2.47	4.992
316283436	-78.7790067	2.48	4.993
316483356	-78.7790129	2.48	4.99
316683276	-78.7790191	2.48	4.988
316883196	-78.7790255	2.48	4.989
317083116	-78.7790318	2.48	4.993
317283036	-78.779038	2.48	4.999
317482956	-78.7790443	2.48	4.996
317682876	-78.7790505	2.48	4.996
317882796	-78.7790569	2.48	4.992
318082716	-78.7790632	2.48	4.983
318283469	-78.7790694	2.48	4.982
318483389	-78.7790758	2.48	4.983
318683309	-78.779082	2.48	4.994
318883229	-78.7790883	2.48	4.999
319083149	-78.7790945	2.48	5.001
319283069	-78.7791009	2.48	5.004
319482989	-78.7791072	2.48	4.995
319682909	-78.7791134	2.48	4.994
319882829	-78.7791197	2.48	4.995
320082749	-78.7791259	2.48	4.996
320282669	-78.7791321	2.48	4.992
320483422	-78.7791385	2.48	4.993
320683342	-78.7791448	2.48	4.993
320883262	-78.779151	2.48	4.995
321083182	-78.7791574	2.48	4.996
321283102	-78.7791637	2.48	4.994
321483022	-78.7791699	2.48	4.986
321682942	-78.7791763	2.48	4.985
321882862	-78.7791826	2.48	4.986
322082782	-78.7791889	2.48	4.988
322282702	-78.7791951	2.48	4.988
322483455	-78.7792015	2.48	4.988
322683375	-78.7792078	2.48	4.988
322883295	-78.779214	2.48	4.988
323083215	-78.7792204	2.48	4.984
323283135	-78.7792266	2.48	4.987
323483055	-78.7792329	2.48	4.987
323682975	-78.7792391	2.48	4.98
323882895	-78.7792453	2.48	4.977
324082815	-78.7792516	2.48	4.978
324282735	-78.7792578	2.48	4.977
324483488	-78.779264	2.48	4.975
324683408	-78.7792702	2.49	4.978
324883328	-78.7792764	2.49	4.977
325083248	-78.7792826	2.49	4.978
325283168	-78.7792888	2.49	4.973
325483088	-78.7792949	2.49	4.975
325683008	-78.7793011	2.49	4.978
325882928	-78.7793075	2.49	4.981
326082848	-78.7793138	2.49	4.985
326282768	-78.77932	2.49	4.986
326482688	-78.7793264	2.49	4.987
326683441	-78.7793327	2.5	4.988
326883361	-78.7793389	2.5	4.986
327083281	-78.7793453	2.5	4.983
327283201	-78.7793516	2.5	4.985
327483121	-78.7793578	2.5	4.984
327683041	-78.7793642	2.5	4.982
327882961	-78.7793705	2.5	4.987
328082881	-78.7793768	2.5	4.987
328282801	-78.779383	2.5	4.987
328482721	-78.7793894	2.5	4.987
328683474	-78.7793957	2.5	4.988
328883394	-78.7794019	2.5	4.99
329083314	-78.7794083	2.5	4.991
329283234	-78.7794146	2.5	4.993
329483154	-78.7794208	2.5	4.993
329683074	-78.7794272	2.5	4.994
329882994	-78.7794335	2.5	4.99
330082914	-78.7794397	2.5	4.987
330282834	-78.7794461	2.5	4.99
330482754	-78.7794524	2.5	4.989
330682674	-78.7794586	2.5	4.988
330883427	-78.779465	2.5	4.984
331083347	-78.7794712	2.5	4.977
331283267	-78.7794773	2.5	4.976
331483187	-78.7794835	2.5	4.978
331683107	-78.7794897	2.5	4.981
331883027	-78.7794961	2.5	4.998
332082947	-78.7795024	2.49	5.003
332282867	-78.7795086	2.49	5.005
332482787	-78.779515	2.49	5.004
332682707	-78.7795213	2.49	5.001
332883460	-78.7795275	2.48	4.986
333083380	-78.7795338	2.48	4.978
333283300	-78.77954	2.48	4.981
333483220	-78.7795462	2.48	4.998
333683140	-78.7795525	2.48	5.006
333883060	-78.7795587	2.47	5.004
334082980	-78.7795651	2.47	5.002
334282900	-78.7795714	2.47	4.982
334482820	-78.7795776	2.47	4.973
334682740	-78.7795838	2.47	4.972
334883493	-78.77959	2.47	4.977
335083413	-78.7795962	2.47	4.987
335283333	-78.7796025	2.47	5.002
335483253	-78.7796087	2.47	5.003
335683173	-78.7796151	2.47	5.002
335883093	-78.7796214	2.47	4.983
336083013	-78.7796276	2.47	4.976
336282933	-78.7796338	2.47	4.975
336482853	-78.77964	2.47	4.985
336682773	-78.7796463	2.47	4.997
336882693	-78.7796525	2.47	5.0
337083446	-78.7796589	2.47	4.996
337283366	-78.7796652	2.47	4.988
337483286	-78.7796714	2.47	4.969
337683206	-78.7796776	2.47	4.968
337883126	-78.7796839	2.46	4.966
338083046	-78.7796901	2.46	4.985
338282966	-78.7796963	2.46	4.995
338482886	-78.7797027	2.46	4.996
338682806	-78.779709	2.46	4.995
338882726	-78.7797152	2.46	4.992
339083479	-78.7797216	2.46	4.988
339283399	-78.7797279	2.46	4.971
339483319	-78.7797341	2.46	4.967
339683239	-78.7797403	2.46	4.974
339883159	-78.7797466	2.46	4.992
340083079	-78.7797528	2.46	4.994
340282999	-78.7797592	2.46	4.993
340482919	-78.7797655	2.46	4.992
340682839	-78.7797717	2.46	4.992
340882759	-78.7797781	2.46	4.997
341082679	-78.7797844	2.46	4.994
341283432	-78.7797906	2.46	4.994
341483352	-78.779797	2.46	4.993
341683272	-78.7798033	2.46	4.982
341883192	-78.7798095	2.46	4.979
342083112	-78.7798158	2.46	4.996
342283032	-78.779822	2.46	5.002
342482952	-78.7798284	2.46	5.003
342682872	-78.7798346	2.45	5.003
342882792	-78.7798409	2.45	5.003
343082712	-78.7798471	2.45	4.987
343283465	-78.7798533	2.45	4.977
343483385	-78.7798597	2.45	4.98
343683305	-78.7798658	2.45	4.987
343883225	-78.7798722	2.45	5.002
344083145	-78.7798785	2.45	5.004
344283065	-78.7798847	2.45	4.997
344482985	-78.7798909	2.45	4.993
344682905	-78.7798973	2.45	4.964
344882825	-78.7799035	2.45	4.934
345082745	-78.7799096	2.46	4.889
345282665	-78.7799156	2.46	4.819
345483418	-78.7799216	2.46	4.746
345683338	-78.7799273	2.46	4.662
345883258	-78.7799332	2.46	4.565
346083178	-78.7799387	2.46	4.455
346283098	-78.7799441	2.46	4.332
346483018	-78.7799493	2.46	4.194
346682938	-78.7799543	2.46	4.034
346882858	-78.7799591	2.47	3.859
347082778	-78.7799634	2.47	3.666
347282698	-78.7799677	2.47	3.475
347483451	-78.7799716	2.47	3.282
347683371	-78.7799754	2.47	3.089
347883291	-78.7799788	2.47	2.887
348083211	-78.7799819	2.47	2.677
348283131	-78.7799849	2.47	2.443
348483051	-78.7799874	2.47	2.18
348682971	-78.7799897	2.47	1.873
348882891	-78.7799916	2.47	1.534
349082811	-78.7799929	2.47	1.236
349282731	-78.7799941	2.47	1.008
349483484	-78.7799948	2.47	0.8520001
349683404	-78.7799957	2.47	0.734
349883324	-78.7799964	2.47	0.632
350083244	-78.779997	2.47	0.535
350283164	-78.7799974	2.47	0.435
350483084	-78.7799979	2.47	0.341
350683004	-78.7799984	2.47	0.252
350882924	-78.7799986	2.47	0.177
351082844	-78.7799989	2.47	0.12
351282764	-78.7799991	2.47	0.08800001
351482684	-78.7799994	2.47	0.098
351683437	-78.7799996	2.46	0.12
351883357	-78.7799998	2.46	0.152
352083277	-78.7799998	2.46	0.181
352283197	-78.78	2.46	0.211
352483117	-78.7800001	2.46	0.237
352683037	-78.7800002	2.46	0.256
352882957	-78.7800002	2.45	0.268
353082877	-78.7800002	2.45	0.274
353282797	-78.7800002	2.45	0.276
353482717	-78.7800002	2.45	0.276
353683470	-78.7800002	2.45	0.276
353883390	-78.7800002	2.45	0.273
354083310	-78.7800002	2.45	0.269
354283230	-78.7800002	2.45	0.26
354483150	-78.7800002	2.45	0.249
354683070	-78.7800002	2.45	0.236
354882990	-78.7800002	2.45	0.224
355082910	-78.7800001	2.45	0.211
355282830	-78.7800001	2.45	0.201
355482750	-78.78	2.45	0.191
355682670	-78.7799998	2.46	0.178
355883423	-78.7799998	2.46	0.162
356083343	-78.7799998	2.46	0.148
356283263	-78.7799996	2.46	0.128
356483183	-78.7799996	2.46	0.116
356683103	-78.7799995	2.46	0.104
356883023	-78.7799994	2.46	0.09
357082943	-78.7799993	2.46	0.08400001
357282863	-78.7799991	2.46	0.07600001
357482783	-78.7799991	2.46	0.06900001
357682703	-78.7799989	2.47	0.06500001
357883456	-78.7799989	2.47	0.06
358083376	-78.7799989	2.47	0.055
358283296	-78.7799988	2.47	0.05
358483216	-78.7799986	2.47	0.046
358683136	-78.7799986	2.47	0.045
358883056	-78.7799984	2.47	0.045
359082976	-78.7799984	2.47	0.047
359282896	-78.7799983	2.47	0.048
359482816	-78.7799982	2.47	0.046
359682736	-78.7799981	2.47	0.044
359883489	-78.7799979	2.47	0.048
360083409	-78.7799979	2.47	0.054
360283329	-78.7799979	2.47	0.052
360483249	-78.7799977	2.47	0.049
360683169	-78.7799977	2.47	0.043
360883089	-78.7799976	2.48	0.045
361083009	-78.7799974	2.5	0.049
361282929	-78.7799974	2.56	0.053
361482849	-78.7799972	2.65	0.054
361682769	-78.7799972	2.78	0.054
361882689	-78.7799971	2.94	0.053
362083442	-78.7799971	3.13	0.051
362283362	-78.779997	3.36	0.043
362483282	-78.7799969	3.62	0.036
362683202	-78.7799967	3.91	0.024
362883122	-78.7799967	4.22	0.024
363083042	-78.7799967	4.56	0.038
363282962	-78.7799967	4.92	0.046
363482882	-78.7799965	5.29	0.043
363682802	-78.7799965	5.68	0.021
363882722	-78.7799965	6.08	0.019
364083475	-78.7799965	6.49	0.014
364283395	-78.7799965	6.9	0.009000001
364483315	-78.7799965	7.32	0.039
364683235	-78.7799964	7.74	0.048
364883155	-78.7799962	8.17	0.044
365083075	-78.7799962	8.6	0.034
365282995	-78.779996	9.03	0.001
365482915	-78.779996	9.47	0.015
365682835	-78.779996	9.92	0.011
365882755	-78.779996	10.37	0.011
366082675	-78.779996	10.82	0.033
366283428	-78.779996	11.27	0.041
366483348	-78.7799959	11.73	0.035
366683268	-78.7799959	12.16	0.012
366883188	-78.7799959	12.57	0.019
367083108	-78.7799959	12.93	0.007
367283028	-78.7799959	13.25	0.004
367482948	-78.7799959	13.51	0.033
367682868	-78.7799957	13.73	0.129
367882788	-78.7799952	13.9	0.295
368082708	-78.7799943	14.03	0.5
368283461	-78.7799929	14.13	0.706
368483381	-78.779991	14.2	0.8940001
368683301	-78.7799888	14.25	1.043
368883221	-78.7799862	14.29	1.172
369083141	-78.7799833	14.32	1.298
369283061	-78.7799802	14.34	1.44
369482981	-78.7799766	14.36	1.596
369682901	-78.7799728	14.37	1.759
369882821	-78.7799685	14.38	1.923
370082741	-78.7799639	14.39	2.093
370282661	-78.7799591	14.39	2.258
370483414	-78.7799536	14.4	2.41
370683334	-78.7799481	14.4	2.544
370883254	-78.7799421	14.4	2.658
371083174	-78.7799359	14.39	2.762
371283094	-78.7799296	14.39	2.862
371483014	-78.779923	14.39	2.957
371682934	-78.7799162	14.39	3.052
371882854	-78.7799091	14.38	3.152
372082774	-78.7799019	14.38	3.245
372282694	-78.7798945	14.37	3.34
372483447	-78.7798868	14.37	3.429
372683367	-78.7798789	14.37	3.521
372883287	-78.779871	14.36	3.602
373083207	-78.7798627	14.36	3.681
373283127	-78.7798545	14.36	3.759
373483047	-78.7798459	14.35	3.835
373682967	-78.7798373	14.35	3.908
373882887	-78.7798284	14.35	3.98
374082807	-78.7798195	14.35	4.049
374282727	-78.7798103	14.34	4.117
374483480	-78.7798011	14.34	4.178
374683400	-78.7797916	14.34	4.239
374883320	-78.779782	14.34	4.296
375083240	-78.7797724	14.34	4.346
375283160	-78.7797626	14.34	4.396
375483080	-78.7797528	14.34	4.444
375683000	-78.7797427	14.34	4.484
375882920	-78.7797327	14.34	4.512
376082840	-78.7797226	14.34	4.534
376282760	-78.7797125	14.34	4.551
376482680	-78.7797023	14.34	4.571
376683433	-78.779692	14.34	4.597
376883353	-78.7796817	14.33	4.618
377083273	-78.7796714	14.33	4.638
377283193	-78.7796611	14.33	4.66
377483113	-78.7796506	14.33	4.681
377683033	-78.7796402	14.33	4.704
377882953	-78.7796297	14.34	4.719
378082873	-78.7796192	14.34	4.732
378282793	-78.7796086	14.34	4.742
378482713	-78.7795979	14.34	4.751
378683466	-78.7795873	14.34	4.762
378883386	-78.7795766	14.34	4.781
379083306	-78.7795659	14.34	4.798
379283226	-78.7795551	14.34	4.808
379483146	-78.7795445	14.34	4.808
379683066	-78.7795337	14.35	4.818
379882986	-78.7795229	14.35	4.825
380082906	-78.779512	14.35	4.829
380282826	-78.7795012	14.35	4.839
380482746	-78.7794904	14.35	4.844
380682666	-78.7794794	14.35	4.852
380883419	-78.7794686	14.35	4.86
381083339	-78.7794577	14.35	4.863
381283259	-78.7794468	14.34	4.871
381483179	-78.7794359	14.35	4.871
381683099	-78.779425	14.35	4.877
381883019	-78.779414	14.35	4.881
382082939	-78.779403	14.35	4.886
382282859	-78.7793921	14.35	4.889
382482779	-78.7793811	14.35	4.895
382682699	-78.7793701	14.35	4.898
382883452	-78.779359	14.35	4.898
383083372	-78.779348	14.35	4.902
383283292	-78.779337	14.35	4.905
383483212	-78.7793259	14.35	4.91
383683132	-78.7793149	14.35	4.912
383883052	-78.7793037	14.35	4.916
384082972	-78.7792927	14.35	4.922
384282892	-78.7792817	14.35	4.925
384482812	-78.7792705	14.35	4.931
384682732	-78.7792595	14.35	4.932
384883485	-78.7792485	14.35	4.936
385083405	-78.7792372	14.35	4.944
385283325	-78.7792261	14.35	4.946
385483245	-78.7792149	14.36	4.947
385683165	-78.7792037	14.36	4.946
385883085	-78.7791927	14.36	4.943
386083005	-78.7791814	14.36	4.941
386282925	-78.7791704	14.36	4.943
386482845	-78.7791592	14.36	4.941
386682765	-78.7791481	14.36	4.94
386882685	-78.7791369	14.36	4.941
387083438	-78.7791259	14.37	4.946
387283358	-78.7791146	14.37	4.946
387483278	-78.7791036	14.37	4.946
387683198	-78.7790924	14.37	4.95
387883118	-78.7790813	14.37	4.951
388083038	-78.7790701	14.37	4.95
388282958	-78.7790589	14.37	4.953
388482878	-78.7790478	14.37	4.955
388682798	-78.7790366	14.37	4.955
388882718	-78.7790255	14.37	4.955
389083471	-78.7790144	14.37	4.954
389283391	-78.7790031	14.37	4.957
389483311	-78.778992	14.37	4.955
389683231	-78.7789808	14.37	4.955
389883151	-78.7789696	14.37	4.955
390083071	-78.7789585	14.37	4.954
390282991	-78.7789473	14.37	4.954
390482911	-78.7789361	14.37	4.954
390682831	-78.7789251	14.37	4.951
390882751	-78.7789138	14.37	4.953
391082671	-78.7789028	14.37	4.957
391283424	-78.7788916	14.38	4.954
391483344	-78.7788803	14.38	4.953
391683264	-78.7788693	14.38	4.952
391883184	-78.778858	14.38	4.95
392083104	-78.7788468	14.38	4.952
392283024	-78.7788358	14.38	4.952
392482944	-78.7788245	14.37	4.95
392682864	-78.7788135	14.37	4.956
392882784	-78.7788023	14.37	4.957
393082704	-78.7787912	14.37	4.954
393283457	-78.77878	14.37	4.955
393483377	-78.7787688	14.37	4.954
393683297	-78.7787577	14.37	4.955
393883217	-78.7787465	14.37	4.956
394083137	-78.7787352	14.37	4.96
394283057	-78.7787242	14.37	4.958
394482977	-78.778713	14.37	4.956
394682897	-78.7787019	14.37	4.954
394882817	-78.7786907	14.37	4.957
395082737	-78.7786795	14.37	4.96
395283490	-78.7786684	14.37	4.962
395483410	-78.7786572	14.37	4.969
395683330	-78.7786461	14.37	4.969
395883250	-78.7786349	14.37	4.967
396083170	-78.7786237	14.37	4.971
396283090	-78.7786126	14.37	4.967
396483010	-78.7786014	14.37	4.971
396682930	-78.7785902	14.37	4.97
396882850	-78.7785791	14.37	4.968
397082770	-78.7785679	14.37	4.969
397282690	-78.7785567	14.37	4.971
397483443	-78.7785456	14.37	4.974
397683363	-78.7785344	14.37	4.976
397883283	-78.7785232	14.37	4.978
398083203	-78.7785119	14.37	4.974
398283123	-78.7785008	14.37	4.976
398483043	-78.7784896	14.37	4.979
398682963	-78.7784784	14.37	4.981
398882883	-78.7784672	14.37	4.98
399082803	-78.7784559	14.37	4.979
399282723	-78.7784448	14.37	4.977
399483476	-78.7784336	14.37	4.974
399683396	-78.7784224	14.37	4.973
399883316	-78.7784111	14.37	4.972
400083236	-78.7784001	14.37	4.974
400283156	-78.7783889	14.37	4.979
400483076	-78.7783776	14.37	4.98
400682996	-78.7783664	14.37	4.98
400882916	-78.7783553	14.37	4.977
401082836	-78.7783441	14.37	4.974
401282756	-78.778333	14.37	4.972
401482676	-78.7783218	14.37	4.972
401683429	-78.7783106	14.37	4.973
401883349	-78.7782994	14.37	4.973
402083269	-78.7782883	14.37	4.975
402283189	-78.7782771	14.37	4.973
402483109	-78.7782658	14.37	4.974
402683029	-78.7782546	14.38	4.978
402882949	-78.7782435	14.38	4.979
403082869	-78.7782323	14.38	4.977
403282789	-78.7782211	14.38	4.974
403482709	-78.7782098	14.38	4.974
403683462	-78.7781986	14.38	4.978
403883382	-78.7781875	14.38	4.983
404083302	-78.7781763	14.38	4.988
404283222	-78.7781651	14.38	4.986
404483142	-78.7781538	14.38	4.983
404683062	-78.7781426	14.38	4.979
404882982	-78.7781315	14.38	4.982
405082902	-78.7781203	14.38	4.978
405282822	-78.7781091	14.38	4.98
405482742	-78.7780978	14.38	4.978
405682662	-78.7780867	14.38	4.983
405883415	-78.7780755	14.39	4.983
406083335	-78.7780642	14.39	4.984
406283255	-78.778053	14.39	4.982
406483175	-78.7780418	14.39	4.982
406683095	-78.7780305	14.39	4.983
406883015	-78.7780193	14.39	4.983
407082935	-78.7780082	14.39	4.983
407282855	-78.777997	14.39	4.984
407482775	-78.7779858	14.38	4.985
407682695	-78.7779745	14.38	4.988
407883448	-78.7779633	14.38	4.989
408083368	-78.777952	14.38	4.988
408283288	-78.7779408	14.38	4.992
408483208	-78.7779297	14.38	4.993
408683128	-78.7779183	14.38	4.994
408883048	-78.7779072	14.38	4.999
409082968	-78.7778958	14.38	5.001
409282888	-78.7778847	14.38	5.0
409482808	-78.7778733	14.38	4.998
409682728	-78.7778622	14.38	4.994
409883481	-78.7778508	14.38	4.995
410083401	-78.7778397	14.38	4.993
410283321	-78.7778283	14.37	4.994
410483241	-78.7778172	14.37	4.991
410683161	-78.7778058	14.37	4.993
410883081	-78.7777947	14.37	4.993
411083001	-78.7777833	14.37	4.987
411282921	-78.7777722	14.37	4.989
411482841	-78.777761	14.37	4.989
411682761	-78.7777498	14.37	4.991
411882681	-78.7777385	14.37	4.992
412083434	-78.7777273	14.37	4.993
412283354	-78.777716	14.37	4.997
412483274	-78.7777048	14.37	4.996
412683194	-78.7776935	14.37	4.996
412883114	-78.7776823	14.37	4.997
413083034	-78.777671	14.38	4.999
413282954	-78.7776598	14.38	5.0
413482874	-78.7776485	14.38	4.999
413682794	-78.7776373	14.38	4.999
413882714	-78.777626	14.38	4.997
414083467	-78.7776148	14.38	4.998
414283387	-78.7776035	14.38	5.001
414483307	-78.7775923	14.38	5.001
414683227	-78.777581	14.39	5.0
414883147	-78.7775698	14.39	4.999
415083067	-78.7775585	14.39	4.999
415282987	-78.7775473	14.39	4.997
415482907	-78.777536	14.39	5.001
415682827	-78.7775249	14.39	5.004
415882747	-78.7775135	14.39	5.004
416082667	-78.7775024	14.39	5.006
416283420	-78.777491	14.39	5.002
416483340	-78.7774798	14.39	5.004
416683260	-78.7774685	14.39	5.004
416883180	-78.7774573	14.39	5.006
417083100	-78.777446	14.39	5.003
417283020	-78.7774348	14.39	5.001
417482940	-78.7774235	14.39	5.005
417682860	-78.7774123	14.39	5.008
417882780	-78.777401	14.39	5.008
418082700	-78.7773898	14.39	5.008
418283453	-78.7773785	14.39	5.011
418483373	-78.7773672	14.39	5.007
418683293	-78.777356	14.39	5.009
418883213	-78.7773447	14.39	5.01
419083133	-78.7773334	14.39	5.012
419283053	-78.7773222	14.39	5.015
419482973	-78.7773109	14.39	5.014
419682893	-78.7772995	14.39	5.013
419882813	-78.7772884	14.39	5.012
420082733	-78.777277	14.39	5.017
420283486	-78.7772658	14.39	5.015
420483406	-78.7772545	14.39	5.015
420683326	-78.7772432	14.39	5.015
420883246	-78.777232	14.39	5.014
421083166	-78.7772207	14.39	5.016
421283086	-78.7772093	14.39	5.014
421483006	-78.7771982	14.39	5.015
421682926	-78.7771868	14.39	5.016
421882846	-78.7771755	14.39	5.015
422082766	-78.7771643	14.39	5.011
422282686	-78.777153	14.39	5.01
422483439	-78.7771418	14.39	5.011
422683359	-78.7771305	14.39	5.007
422883279	-78.7771192	14.39	5.007
423083199	-78.777108	14.39	5.006
423283119	-78.7770967	14.39	5.009
423483039	-78.7770853	14.38	5.008
423682959	-78.7770742	14.38	5.007
423882879	-78.7770628	14.38	5.007
424082799	-78.7770515	14.38	5.01
424282719	-78.7770403	14.38	5.013
424483472	-78.777029	14.38	5.012
424683392	-78.7770178	14.38	5.009
424883312	-78.7770065	14.38	5.009
425083232	-78.7769953	14.38	5.009
425283152	-78.776984	14.38	5.005
425483072	-78.7769728	14.38	5.004
425682992	-78.7769615	14.38	5.006
425882912	-78.7769503	14.38	5.008
426082832	-78.776939	14.38	5.007
426282752	-78.7769278	14.38	5.006
426482672	-78.7769165	14.38	5.008
426683425	-78.7769053	14.38	5.007
426883345	-78.776894	14.38	5.007
427083265	-78.7768827	14.38	5.005
427283185	-78.7768713	14.38	5.003
427483105	-78.7768602	14.39	5.003
427683025	-78.7768488	14.39	5.003
427882945	-78.7768377	14.39	5.005
428082865	-78.7768263	14.39	5.009
428282785	-78.776815	14.39	5.004
428482705	-78.7768038	14.39	5.009
428683458	-78.7767925	14.39	5.01
428883378	-78.7767813	14.39	5.01
429083298	-78.77677	14.39	5.012
429283218	-78.7767588	14.39	5.013
429483138	-78.7767475	14.38	5.012
429683058	-78.7767363	14.38	5.012
429882978	-78.776725	14.38	5.012
430082898	-78.7767137	14.38	5.016
430282818	-78.7767023	14.38	5.015
430482738	-78.7766912	14.38	5.015
430683491	-78.7766798	14.38	5.012
430883411	-78.7766685	14.38	5.013
431083331	-78.7766573	14.38	5.01
431283251	-78.776646	14.38	5.009
431483171	-78.7766348	14.38	5.009
431683091	-78.7766235	14.38	5.013
431883011	-78.7766122	14.38	5.012
432082931	-78.776601	14.38	5.012
432282851	-78.7765897	14.38	5.013
432482771	-78.7765783	14.38	5.01
432682691	-78.7765672	14.38	5.012
432883444	-78.7765558	14.38	5.014
433083364	-78.7765445	14.38	5.015
433283284	-78.7765333	14.38	5.015
433483204	-78.776522	14.38	5.018
433683124	-78.7765108	14.38	5.012
433883044	-78.7764995	14.38	5.006
434082964	-78.7764883	14.38	5.005
434282884	-78.776477	14.38	5.008
434482804	-78.7764658	14.38	5.006
434682724	-78.7764545	14.38	5.009
434883477	-78.7764433	14.38	5.008
435083397	-78.7764318	14.38	5.006
435283317	-78.7764207	14.38	5.007
435483237	-78.7764093	14.38	5.007
435683157	-78.7763982	14.38	5.009
435883077	-78.7763868	14.38	5.008
436082997	-78.7763757	14.38	5.006
436282917	-78.7763643	14.38	5.007
436482837	-78.7763532	14.38	5.01
436682757	-78.7763418	14.37	5.008
436882677	-78.7763306	14.37	5.007
437083430	-78.7763193	14.37	5.009
437283350	-78.7763081	14.37	5.01
437483270	-78.7762968	14.37	5.012
437683190	-78.7762855	14.37	5.012
437883110	-78.7762742	14.37	5.004
438083030	-78.776263	14.37	5.001
438282950	-78.7762517	14.37	5.003
438482870	-78.7762405	14.37	5.002
438682790	-78.7762292	14.37	5.002
438882710	-78.776218	14.37	4.998
439083463	-78.7762068	14.37	4.984
439283383	-78.7761956	14.37	4.953
439483303	-78.7761845	14.37	4.908
439683223	-78.7761735	14.37	4.848
439883143	-78.7761627	14.37	4.768
440083063	-78.776152	14.37	4.678
440282983	-78.7761417	14.37	4.578
440482903	-78.7761316	14.37	4.467
440682823	-78.7761216	14.37	4.349
440882743	-78.776112	14.37	4.209
441082663	-78.7761029	14.37	4.053
441283416	-78.776094	14.37	3.877
441483336	-78.7760854	14.37	3.69
441683256	-78.7760775	14.37	3.509
441883176	-78.7760699	14.37	3.325
442083096	-78.7760627	14.37	3.141
442283016	-78.7760559	14.36	2.946
442482936	-78.7760495	14.36	2.735
442682856	-78.7760437	14.36	2.509
442882776	-78.7760385	14.36	2.26
443082696	-78.7760337	14.36	1.981
443283449	-78.7760297	14.36	1.654
443483369	-78.7760263	14.36	1.335
443683289	-78.7760239	14.36	1.073
443883209	-78.7760218	14.36	0.89
444083129	-78.77602	14.36	0.7640001
444283049	-78.7760184	14.36	0.664
444482969	-78.776017	14.36	0.568
444682889	-78.776016	14.36	0.471
444882809	-78.7760151	14.36	0.378
445082729	-78.7760143	14.37	0.288
445283482	-78.7760138	14.36	0.205
445483402	-78.7760134	14.36	0.135
445683322	-78.7760131	14.36	0.07600001
445883242	-78.7760129	14.36	0.043
446083162	-78.7760129	14.36	0.06
446283082	-78.7760129	14.36	0.09100001
446483002	-78.7760132	14.36	0.132
446682922	-78.7760134	14.36	0.167
446882842	-78.7760138	14.36	0.195
447082762	-78.7760141	14.36	0.218
447282682	-78.7760146	14.36	0.231
447483435	-78.776015	14.36	0.238
447683355	-78.7760153	14.36	0.251
447883275	-78.776016	14.35	0.3
448083195	-78.7760165	14.34	0.35
448283115	-78.7760172	14.32	0.37
448483035	-78.7760181	14.27	0.364
448682955	-78.7760188	14.18	0.343
448882875	-78.7760194	14.06	0.314
449082795	-78.7760201	13.89	0.286
449282715	-78.7760206	13.67	0.259
449483468	-78.7760211	13.42	0.236
449683388	-78.7760215	13.14	0.215
449883308	-78.776022	12.83	0.2
450083228	-78.7760224	12.52	0.179
450283148	-78.7760227	12.21	0.157
450483068	-78.776023	11.9	0.137
450682988	-78.7760232	11.59	0.118
450882908	-78.7760234	11.29	0.09900001
451082828	-78.7760236	11.0	0.083
451282748	-78.7760237	10.71	0.07
451482668	-78.7760239	10.44	0.057
451683421	-78.7760239	10.19	0.044
451883341	-78.7760241	9.97	0.034
452083261	-78.7760241	9.79	0.02
452283181	-78.7760241	9.64	0.011
452483101	-78.7760242	9.53	0.0
452683021	-78.7760242	9.44	0.008
452882941	-78.7760241	9.37	0.013
453082861	-78.7760241	9.3	0.019
453282781	-78.7760241	9.22	0.021
453482701	-78.7760239	9.15	0.026
453683454	-78.7760239	9.06	0.03
453883374	-78.7760239	8.97	0.034
454083294	-78.7760239	8.89	0.038
454283214	-78.7760237	8.79	0.042
454483134	-78.7760237	8.7	0.045
454683054	-78.7760237	8.61	0.047
454882974	-78.7760236	8.52	0.043
455082894	-78.7760234	8.42	0.042
455282814	-78.7760234	8.33	0.04
455482734	-78.7760234	8.24	0.041
455683487	-78.7760234	8.14	0.039
455883407	-78.7760232	8.05	0.038
456083327	-78.7760232	7.96	0.039
456283247	-78.7760232	7.87	0.037
456483167	-78.7760232	7.77	0.036
456683087	-78.7760231	7.68	0.033
456883007	-78.7760231	7.59	0.031
457082927	-78.776023	7.49	0.032
457282847	-78.776023	7.4	0.033
457482767	-78.776023	7.31	0.033
457682687	-78.7760229	7.21	0.032
457883440	-78.7760229	7.12	0.025
458083360	-78.7760229	7.03	0.023
458283280	-78.7760229	6.93	0.019
458483200	-78.7760229	6.84	0.017
458683120	-78.7760229	6.75	0.018
458883040	-78.7760227	6.65	0.018
459082960	-78.7760227	6.56	0.015
459282880	-78.7760227	6.46	0.011
459482800	-78.7760227	6.37	0.008
459682720	-78.7760227	6.28	0.007
459883473	-78.7760227	6.18	0.007
460083393	-78.7760227	6.09	0.007
460283313	-78.7760227	5.99	0.005
460483233	-78.7760227	5.9	0.003
460683153	-78.7760227	5.81	0.003
460883073	-78.7760227	5.71	0.006
461082993	-78.7760227	5.62	0.006
461282913	-78.7760227	5.52	0.008
461482833	-78.7760227	5.43	0.006
461682753	-78.7760227	5.33	0.01
461882673	-78.7760227	5.24	0.011
462083426	-78.7760227	5.14	0.013
462283346	-78.7760227	5.05	0.009000001
462483266	-78.7760227	4.95	0.005
462683186	-78.7760227	4.86	0.007
462883106	-78.7760227	4.76	0.005
463083026	-78.7760227	4.67	0.006
463282946	-78.7760227	4.57	0.008
463482866	-78.7760225	4.48	0.009000001
463682786	-78.7760225	4.38	0.006
463882706	-78.7760225	4.29	0.005
464083459	-78.7760225	4.19	0.001
464283379	-78.7760225	4.1	0.004
464483299	-78.7760225	4.0	0.005
464683219	-78.7760225	3.91	0.006
464883139	-78.7760225	3.81	0.006
465083059	-78.7760225	3.72	0.006
465282979	-78.7760225	3.62	0.008
465482899	-78.7760225	3.53	0.008
465682819	-78.7760225	3.43	0.006
465882739	-78.7760225	3.34	0.003
466083492	-78.7760225	3.24	0.004
466283412	-78.7760225	3.14	0.005
466483332	-78.7760225	3.05	0.006
466683252	-78.7760225	2.95	0.001
466883172	-78.7760225	2.86	0.002
467083092	-78.7760225	2.76	0.002
467283012	-78.7760225	2.67	0.001
467482932	-78.7760225	2.57	0.005
467682852	-78.7760225	2.48	0.004
467882772	-78.7760225	2.38	0.005
468082692	-78.7760225	2.29	0.005
468283445	-78.7760225	2.19	0.006
468483365	-78.7760225	2.1	0.002
468683285	-78.7760225	2.0	0.002
468883205	-78.7760225	1.91	0.0
469083125	-78.7760225	1.81	0.001
469283045	-78.7760225	1.72	0.003
469482965	-78.7760225	1.62	0.007
469682885	-78.7760225	1.53	0.008
469882805	-78.7760225	1.43	0.007
470082725	-78.7760225	1.34	0.006
470283478	-78.7760225	1.24	0.005
470483398	-78.7760224	1.15	0.007
470683318	-78.7760224	1.05	0.008
470883238	-78.7760224	0.96	0.01
471083158	-78.7760224	0.86	0.01
471283078	-78.7760222	0.77	0.014
471482998	-78.7760222	0.67	0.011
471682918	-78.7760222	0.58	0.009000001
471882838	-78.7760222	0.48	0.008
472082758	-78.7760222	0.38	0.006
472282678	-78.7760222	0.29	0.004
472483431	-78.7760222	0.19	0.003
472683351	-78.7760222	0.1	0.002
472883271	-78.7760222	0.07	0.0
473083191	-78.7760222	0.1	0.0
473283111	-78.7760222	0.1	0.0
473483031	-78.7760222	0.09	0.0
473682951	-78.7760222	0.09	0.0
473882871	-78.7760222	0.1	0.0
